n,iters
100,27855
100,48064
100,42416
100,33069
100,26569
100,37513
100,29548
100,36409
100,28967
100,35641
100,28422
100,29363
100,35477
100,43219
100,32011
100,32251
100,31095
100,32336
100,28986
100,27164
100,66653
100,48322
100,41472
100,49457
100,31920
100,38289
100,39886
100,28893
100,30798
100,46766
100,32882
100,27827
100,31923
100,28232
100,33102
100,29976
100,30985
100,28213
100,30518
100,41836
100,48418
100,31899
100,37844
100,39991
100,29227
100,34707
100,42071
100,35470
100,30312
100,29550
100,52399
100,37831
100,43057
100,33642
100,35928
100,29514
100,27201
100,34291
100,31201
100,31564
100,37126
100,50434
100,29917
100,57019
100,43288
100,32989
100,30461
100,34448
100,30401
100,36096
100,28307
100,47758
100,36163
100,59028
100,33850
100,30745
100,32040
100,30317
100,29688
100,34344
100,35269
100,33413
100,36793
100,35431
100,33894
100,30584
100,38212
100,38290
100,39549
100,45587
100,44795
100,30243
100,38488
100,29739
100,46584
100,35046
100,27021
100,35234
100,31094
100,45519
100,40373
100,32478
100,33387
100,36717
100,59960
100,34766
100,40958
100,31674
100,33249
100,30642
100,32306
100,38855
100,30176
100,47844
100,32575
100,34635
100,40486
100,38275
100,31800
100,35904
100,33451
100,32405
100,28776
100,49485
100,38822
100,34673
100,28393
100,30878
100,27315
100,37873
100,34643
100,26805
100,39928
100,36871
100,31921
100,58740
100,32126
100,37938
100,35549
100,31237
100,42062
100,32784
100,35056
100,26707
100,31786
100,32710
100,28910
100,30756
100,28155
100,33247
100,33933
100,34061
100,28730
100,30367
100,45248
100,37819
100,38822
100,29683
100,28017
100,33558
100,30925
100,29267
100,31644
100,32928
100,29663
100,31233
100,37423
100,35193
100,28945
100,42669
100,30734
100,29580
100,26468
100,26821
100,46829
100,34196
100,32920
100,37216
100,43148
100,28658
100,29170
100,44550
100,38556
100,31502
100,44510
100,30964
100,34948
100,32722
100,46980
100,54515
100,44871
100,39914
100,47541
100,33426
100,42806
100,26695
100,44841
100,29179
100,25624
100,29130
100,38923
100,35750
100,38093
100,31174
100,31528
100,58543
100,39374
100,39731
100,30109
100,29680
100,35486
100,29733
100,32682
100,28662
100,27953
100,42142
100,30149
100,38325
100,33638
100,33855
100,36503
100,37085
100,35969
100,29276
100,33848
100,31755
100,34330
100,30003
100,43093
100,33687
100,34718
100,49778
100,29958
100,40867
100,25149
100,32464
100,35536
100,29445
100,38259
100,35183
100,33687
100,35486
100,34586
100,28443
100,29969
100,31720
100,27993
100,33544
100,35811
100,30350
100,41123
100,38622
100,26334
100,32258
100,30263
100,65335
100,45750
100,48968
100,34126
100,30559
100,31297
100,29527
100,25478
100,33679
100,35857
100,26544
100,41139
100,40531
100,34875
100,43750
100,36570
100,30772
100,26090
100,35417
100,26013
100,32358
100,30127
100,34452
100,39283
100,35778
100,28895
100,46031
100,28135
100,35506
100,34960
100,47720
100,31583
100,33583
100,34437
100,32478
100,44875
100,32096
100,32700
100,36381
100,36728
100,27466
100,31285
100,27700
100,37599
100,27038
100,38495
100,34760
100,36308
100,44545
100,27118
100,33252
100,37944
100,29079
100,32759
100,29258
100,41922
100,39700
100,29723
100,33520
100,32864
100,26310
100,31521
100,85201
100,32618
100,30717
100,41446
100,26645
100,33337
100,37949
100,32700
100,29328
100,32410
100,39583
100,33089
100,32813
100,31151
100,30548
100,27741
100,37871
100,33767
100,29347
100,33421
100,33415
100,35495
100,39647
100,34057
100,33965
100,37199
100,24875
100,27932
100,35738
100,34107
100,26773
100,27261
100,31563
100,31867
100,36381
100,26129
100,29719
100,42095
100,29295
100,35685
100,29189
100,30476
100,27202
100,31968
100,43457
100,33593
100,38070
100,33589
100,33651
100,48881
100,29951
100,33684
100,29089
100,48140
100,34425
100,37046
100,31039
100,30242
100,33428
100,40606
100,32273
100,29644
100,28986
100,35039
100,28086
100,29709
100,40368
100,28912
100,31522
100,42229
100,46987
100,35564
100,33546
100,34109
100,28396
100,26048
100,28926
100,57535
100,31662
100,30839
100,38440
100,39775
100,39860
100,29357
100,39434
100,44200
100,33230
100,30478
100,31899
100,60982
100,32204
100,29408
100,34075
100,34010
100,33680
100,28809
100,34243
100,31998
100,44490
100,89384
100,31380
100,29969
100,32115
100,32042
100,31468
100,30214
100,32758
100,26191
100,33707
100,35690
100,40147
100,29781
100,25181
100,47094
100,59685
100,27350
100,39251
100,36811
100,37957
100,36178
100,34660
100,31438
100,40190
100,44599
100,36715
100,45047
100,33438
100,35630
100,29826
100,28368
100,38507
100,38179
100,32629
100,26707
100,36675
100,30008
100,29648
100,30379
100,33266
100,29886
100,34691
100,34362
100,35913
100,56316
100,30278
100,32831
100,33040
100,46107
100,35880
100,38095
100,30176
100,27708
100,33936
100,36179
100,29496
100,32692
100,28117
100,29492
100,29525
100,28429
100,30673
100,30046
100,33723
100,38744
100,35351
100,37960
100,31018
100,26021
100,32718
100,38214
100,36738
100,36161
100,32742
100,33730
100,32811
100,27675
100,28699
100,32615
100,34506
100,32498
100,95993
100,30379
100,36364
200,117671
200,98518
200,96195
200,108648
200,104565
200,97061
200,108897
200,126343
200,103330
200,226775
200,100640
200,123944
200,136035
200,87842
200,107033
200,123795
200,122438
200,102888
200,134396
200,123767
200,144370
200,97238
200,123498
200,144299
200,114150
200,151485
200,87264
200,174697
200,95351
200,128091
200,190412
200,138823
200,100129
200,214524
200,132610
200,210547
200,136478
200,172550
200,111861
200,89458
200,96338
200,186750
200,166211
200,154133
200,107466
200,125164
200,108094
200,146324
200,100798
200,174573
200,106745
200,172751
200,113561
200,98976
200,104998
200,97128
200,97183
200,151111
200,125450
200,132113
200,111650
200,105381
200,113417
200,105284
200,181469
200,98207
200,105502
200,125843
200,95385
200,157601
200,105754
200,251559
200,99744
200,118464
200,92613
200,101348
200,112845
200,146815
200,123544
200,97119
200,124824
200,104908
200,119081
200,126207
200,120112
200,139988
200,94059
200,134981
200,104684
200,117041
200,111732
200,149631
200,138000
200,149020
200,145139
200,109623
200,99713
200,109331
200,121600
200,93898
200,97117
200,150947
200,113410
200,155442
200,94593
200,98587
200,102509
200,117898
200,115524
200,111087
200,103379
200,114694
200,109404
200,115132
200,162887
200,98832
200,102172
200,99679
200,102799
200,94450
200,106616
200,104499
200,123188
200,111246
200,119239
200,93761
200,84860
200,95684
200,127776
200,136840
200,103659
200,256002
200,111016
200,99077
200,101385
200,120144
200,107644
200,134233
200,137160
200,91750
200,89867
200,124531
200,152114
200,108352
200,134987
200,121675
200,122738
200,182264
200,104272
200,122794
200,103440
200,108758
200,90712
200,113607
200,116585
200,103234
200,116800
200,109651
200,118768
200,108197
200,95583
200,100940
200,118630
200,111236
200,212304
200,391857
200,100087
200,124822
200,110412
200,140337
200,121236
200,142784
200,101445
200,153080
200,100974
200,123399
200,105870
200,107931
200,113980
200,99184
200,132755
200,105144
200,124269
200,130427
200,110039
200,94516
200,121633
200,128220
200,107907
200,111994
200,114245
200,99305
200,133617
200,98291
200,234232
200,98767
200,94468
200,200213
200,112998
200,130964
200,96498
200,99940
200,107662
200,86232
200,152269
200,111965
200,129032
200,124216
200,115270
200,92103
200,134594
200,94305
200,110020
200,133323
200,97419
200,99543
200,109755
200,109519
200,131933
200,112682
200,117623
200,131173
200,103811
200,94578
200,243186
200,98277
200,101069
200,100894
200,143020
200,111089
200,131936
200,93542
200,99972
200,120753
200,113424
200,100430
200,134253
200,126433
200,106421
200,115736
200,121378
200,201225
200,184792
200,95767
200,126142
200,111752
200,116751
200,142740
200,109559
200,136842
200,89493
200,112867
200,88230
200,111367
200,116572
200,120123
200,117463
200,121267
200,118938
200,99431
200,351260
200,97480
200,153075
200,106692
200,113622
200,121676
200,102896
200,128606
200,136864
200,108219
200,126499
200,188626
200,99114
200,97266
200,125714
200,93750
200,142084
200,86286
200,102748
200,279609
200,209799
200,98543
200,145066
200,135059
200,105186
200,171331
200,98013
200,105138
200,165549
200,99239
200,95647
200,106292
200,105111
200,98945
200,116212
200,133115
200,92739
200,107672
200,93233
200,113845
200,101939
200,86372
200,92704
200,152559
200,111294
200,104871
200,112845
200,92606
200,120344
200,106068
200,121704
200,119286
200,116951
200,127278
200,124436
200,90840
200,131582
200,180082
200,112770
200,151320
200,157301
200,104310
200,138231
200,116708
200,180672
200,180161
200,153467
200,156366
200,117814
200,109512
200,99844
200,119489
200,100690
200,126098
200,154820
200,111569
200,120312
200,105891
200,173206
200,111979
200,164589
200,122153
200,108681
200,88266
200,109869
200,91717
200,98004
200,94456
200,92532
200,109259
200,99159
200,124818
200,122897
200,92562
200,166328
200,149977
200,127730
200,158110
200,110408
200,104196
200,112530
200,108920
200,100242
200,107788
200,146119
200,231385
200,92080
200,108081
200,106703
200,90707
200,135983
200,98458
200,95574
200,127996
200,104377
200,113131
200,123510
200,119325
200,110556
200,114983
200,95450
200,127069
200,93514
200,91646
200,100364
200,102366
200,130602
200,107110
200,95680
200,89953
200,184188
200,147926
200,153916
200,108083
200,94671
200,108316
200,113852
200,130028
200,110072
200,117130
200,112003
200,98654
200,121639
200,158005
200,122845
200,108893
200,128927
200,162461
200,112966
200,105871
200,110154
200,117581
200,110648
200,127810
200,94924
200,104532
200,198506
200,106478
200,143876
200,112279
200,128191
200,106270
200,137631
200,228992
200,97645
200,110482
200,150112
200,93982
200,115080
200,122875
200,148017
200,134667
200,97983
200,104375
200,102691
200,110198
200,94386
200,117166
200,117115
200,93862
200,172791
200,104862
200,93272
200,117778
200,105833
200,177440
200,116773
200,113570
200,112202
200,117578
200,137037
200,107137
200,115973
200,107259
200,118440
200,104625
200,116645
200,130603
200,109766
200,134168
200,129023
200,97080
200,171283
200,131453
200,127070
200,101099
200,147482
200,92367
200,87167
200,109551
200,106417
200,130414
200,93479
200,103782
200,116235
200,108329
200,107543
200,94939
200,99351
200,134950
200,108123
200,105742
200,122856
200,98393
200,131293
200,138967
200,222898
200,223610
200,108139
200,144910
200,87029
200,128562
200,155460
200,226995
200,108549
200,107182
200,104177
200,88624
200,79969
200,128984
300,202862
300,240899
300,196754
300,264804
300,197543
300,202697
300,189031
300,254066
300,249504
300,246418
300,219215
300,205845
300,220460
300,197796
300,254495
300,223009
300,293070
300,231148
300,178674
300,216727
300,229309
300,810690
300,290493
300,237188
300,289469
300,204275
300,197588
300,446780
300,309629
300,203242
300,252881
300,259074
300,185912
300,314227
300,230027
300,235009
300,266008
300,247752
300,216731
300,518569
300,230263
300,197004
300,247341
300,237916
300,217698
300,230089
300,220700
300,280964
300,249835
300,228182
300,198119
300,298724
300,280207
300,221069
300,163056
300,266886
300,217108
300,279894
300,202970
300,178377
300,260520
300,344358
300,226097
300,259291
300,250344
300,186754
300,275757
300,284488
300,212164
300,195659
300,196692
300,221846
300,209076
300,306973
300,368748
300,308661
300,219423
300,227127
300,260113
300,201938
300,238804
300,257262
300,207831
300,200604
300,251197
300,257954
300,239811
300,305180
300,295374
300,264607
300,236088
300,344242
300,243749
300,184061
300,338649
300,278851
300,241775
300,226202
300,237537
300,244377
300,190286
300,286541
300,297171
300,213692
300,185225
300,213529
300,234610
300,238030
300,238055
300,293060
300,245657
300,241008
300,231567
300,278262
300,244752
300,196535
300,203070
300,333160
300,237009
300,239366
300,237385
300,228900
300,272038
300,225724
300,205095
300,279326
300,196039
300,224817
300,255832
300,255918
300,204591
300,196470
300,272830
300,274728
300,235829
300,263790
300,343629
300,308360
300,221435
300,288389
300,274306
300,241344
300,286174
300,220285
300,190337
300,220892
300,245051
300,300953
300,292355
300,380331
300,197978
300,293070
300,220147
300,282838
300,315412
300,218726
300,249003
300,231543
300,218988
300,224523
300,265681
300,246973
300,307290
300,183689
300,247978
300,236907
300,254278
300,232460
300,297913
300,473020
300,250015
300,251393
300,246103
300,312564
300,301809
300,296945
300,213300
300,190099
300,187012
300,190467
300,185806
300,225679
300,313473
300,357778
300,241074
300,305560
300,196516
300,300056
300,256389
300,255094
300,251334
300,341982
300,181900
300,220605
300,250585
300,282744
300,281788
300,208046
300,178982
300,245145
300,265565
300,188725
300,435845
300,298495
300,366985
300,234111
300,244833
300,196729
300,267034
300,212927
300,195967
300,212102
300,231606
300,367914
300,244595
300,197328
300,240287
300,202678
300,228075
300,289759
300,232459
300,166818
300,281978
300,217628
300,203222
300,198134
300,241081
300,312701
300,222281
300,397640
300,239690
300,252444
300,318110
300,269697
300,232478
300,245106
300,231643
300,235642
300,246329
300,255124
300,209803
300,202207
300,193292
300,254970
300,240598
300,248100
300,195998
300,298207
300,231158
300,343725
300,227769
300,179482
300,254313
300,390663
300,226527
300,181740
300,306340
300,395738
300,325689
300,374026
300,183803
300,365799
300,1633839
300,231205
300,252232
300,269149
300,281698
300,236824
300,210910
300,304805
300,250736
300,219033
300,256479
300,259036
300,224461
300,224164
300,266565
300,211504
300,267372
300,249529
300,286232
300,246694
300,379596
300,223211
300,320085
300,210453
300,252647
300,222308
300,190746
300,281684
300,231061
300,201979
300,413806
300,375777
300,216588
300,213897
300,168787
300,408829
300,237397
300,223847
300,227355
300,193886
300,183729
300,233260
300,770642
300,283657
300,232119
300,225820
300,210088
300,220590
300,280114
300,210807
300,211426
300,206959
300,251346
300,233090
300,220406
300,220990
300,193779
300,483123
300,275012
300,237882
300,274272
300,283785
300,226328
300,321848
300,259576
300,170048
300,228316
300,171454
300,201909
300,359176
300,239517
300,250918
300,235245
300,218372
300,308260
300,189933
300,264632
300,242204
300,235566
300,252594
300,215815
300,243585
300,235822
300,252758
300,227215
300,185961
300,215824
300,197656
300,199587
300,179685
300,355787
300,199871
300,366079
300,707793
300,261004
300,298626
300,354032
300,228539
300,211020
300,229651
300,224624
300,245052
300,290706
300,255648
300,245008
300,166713
300,186265
300,257903
300,241954
300,293455
300,208351
300,264330
300,227213
300,191185
300,218759
300,183647
300,223624
300,251257
300,308859
300,201049
300,215146
300,262506
300,195797
300,192611
300,288372
300,231230
300,219165
300,201038
300,212991
300,342916
300,247751
300,269637
300,249489
300,213726
300,195806
300,200706
300,233039
300,317267
300,211341
300,258285
300,239017
300,193461
300,247880
300,242243
300,261704
300,214825
300,233211
300,214142
300,219550
300,316238
300,247856
300,267702
300,218353
300,275773
300,204239
300,245379
300,323400
300,234669
300,493510
300,198403
300,210634
300,387901
300,189296
300,190333
300,204118
300,225881
300,206812
300,225800
300,227173
300,238994
300,233672
300,624832
300,346530
300,186186
300,238340
300,240969
300,309089
300,275419
300,256009
300,182627
300,220851
300,229421
300,194106
300,199262
300,211001
300,295043
300,248947
300,186972
300,259990
300,309478
300,241040
300,346858
300,244294
300,213173
300,163879
300,201898
300,191731
300,201954
300,194491
300,223872
300,207198
300,176001
300,296311
300,192526
300,192864
300,234063
300,282537
300,325575
300,222880
300,300887
300,228670
300,511033
300,329834
300,230102
300,348579
300,353504
300,252846
300,210913
300,231194
300,227326
300,294233
300,336780
300,193760
300,230972
300,215016
300,229265
300,375042
300,231713
300,261408
300,223876
300,276925
300,302021
300,193506
300,209559
300,187100
300,259042
300,217785
300,212992
400,399383
400,674627
400,463346
400,507487
400,381348
400,580451
400,507245
400,514024
400,549826
400,312989
400,514154
400,352620
400,427005
400,421154
400,496829
400,452724
400,395718
400,364353
400,532396
400,352970
400,297118
400,402448
400,514454
400,373597
400,503294
400,609385
400,355724
400,350098
400,384654
400,353564
400,1012307
400,337399
400,427815
400,500642
400,362482
400,471516
400,357825
400,366235
400,506649
400,622578
400,417000
400,402442
400,422544
400,414639
400,417453
400,1093510
400,510670
400,450299
400,402383
400,326597
400,574268
400,655928
400,350173
400,374867
400,315503
400,340034
400,490867
400,304224
400,631735
400,388296
400,337825
400,511206
400,329765
400,328359
400,386668
400,450436
400,535711
400,406478
400,848302
400,374469
400,409503
400,342528
400,574995
400,385662
400,311031
400,546098
400,459316
400,420883
400,313324
400,396684
400,389601
400,335287
400,474129
400,431945
400,668336
400,523780
400,481726
400,425987
400,490882
400,418375
400,541465
400,383500
400,356149
400,360123
400,346012
400,483588
400,1011981
400,442880
400,522120
400,360931
400,305545
400,411588
400,455486
400,601010
400,484724
400,397514
400,384508
400,384569
400,674590
400,300920
400,295219
400,369669
400,471107
400,542420
400,414133
400,414778
400,331520
400,370046
400,627719
400,463075
400,699380
400,504740
400,284579
400,330529
400,382917
400,607516
400,336570
400,315109
400,412644
400,452634
400,500794
400,335218
400,588007
400,418418
400,334275
400,389447
400,358074
400,364961
400,318242
400,427421
400,441395
400,345933
400,412176
400,404076
400,457196
400,758990
400,589782
400,580484
400,362574
400,318119
400,349479
400,360104
400,355043
400,371712
400,352585
400,437156
400,448254
400,447583
400,941337
400,380648
400,411322
400,435547
400,435717
400,391553
400,563375
400,304699
400,534829
400,369143
400,411136
400,410697
400,405170
400,915613
400,391179
400,555109
400,531956
400,387720
400,835054
400,473085
400,443569
400,424095
400,340667
400,317834
400,465406
400,358399
400,359611
400,543618
400,435132
400,498188
400,292194
400,409874
400,319686
400,345489
400,363288
400,387662
400,352554
400,551408
400,390309
400,318493
400,394866
400,542163
400,441755
400,415064
400,402882
400,417626
400,1052706
400,380888
400,424801
400,310760
400,349014
400,291837
400,343185
400,343546
400,340445
400,425869
400,466276
400,367981
400,457503
400,449421
400,476571
400,451567
400,302019
400,481213
400,384770
400,348383
400,379667
400,408140
400,498808
400,519977
400,456887
400,338972
400,507195
400,331867
400,387872
400,377018
400,336667
400,480805
400,311454
400,358377
400,353869
400,340395
400,392851
400,697826
400,711170
400,393125
400,468600
400,336589
400,449724
400,408547
400,319770
400,391196
400,398568
400,358515
400,404590
400,426374
400,443165
400,425782
400,431474
400,418490
400,503530
400,551869
400,493798
400,382000
400,378041
400,509101
400,350828
400,407478
400,401433
400,382920
400,424524
400,427843
400,1506122
400,325929
400,363512
400,340033
400,388397
400,489036
400,453112
400,665417
400,739031
400,359738
400,410391
400,319309
400,507655
400,414074
400,587903
400,735855
400,621390
400,339511
400,432154
400,343089
400,318019
400,481214
400,403519
400,464682
400,606533
400,384061
400,391451
400,374062
400,510019
400,492852
400,379076
400,376916
400,352088
400,440308
400,386999
400,448486
400,399143
400,351321
400,390387
400,390250
400,281643
400,377520
400,412904
400,420239
400,403988
400,394505
400,656213
400,699148
400,429913
400,448897
400,379693
400,359865
400,366067
400,526238
400,342031
400,399444
400,374707
400,396264
400,2995577
400,395149
400,494010
400,688520
400,437841
400,537089
400,361981
400,363224
400,407316
400,363882
400,365672
400,1239908
400,553962
400,770842
400,284025
400,504499
400,343357
400,649557
400,359984
400,518148
400,751995
400,338096
400,387027
400,326566
400,310366
400,444232
400,685330
400,381818
400,334764
400,391122
400,396094
400,449139
400,401057
400,348662
400,829847
400,547149
400,355209
400,428297
400,429651
400,332590
400,389230
400,332916
400,971117
400,392994
400,506241
400,437522
400,392357
400,589143
400,398381
400,346347
400,382081
400,332629
400,458746
400,1342108
400,409381
400,319691
400,287840
400,388323
400,362422
400,378959
400,355176
400,349751
400,462669
400,464377
400,373636
400,582223
400,954341
400,498052
400,368375
400,476530
400,410906
400,435048
400,516405
400,632620
400,432571
400,454988
400,540741
400,387634
400,513517
400,296677
400,402936
400,497869
400,538153
400,420922
400,409264
400,686826
400,431021
400,384628
400,357605
400,431572
400,435359
400,487944
400,487375
400,277556
400,311804
400,475914
400,326469
400,363243
400,609570
400,339723
400,535888
400,345366
400,536514
400,395398
400,423182
400,352283
400,410319
400,424648
400,401096
400,383448
400,390270
400,390060
400,421955
400,739737
400,344451
400,526440
400,303254
400,403039
400,606913
400,379392
400,348981
400,357943
400,353767
400,470492
400,489546
400,401362
400,322424
400,325328
400,329647
400,597066
400,795837
400,358240
400,422386
400,421486
400,393380
400,304877
400,374348
400,411254
400,293224
400,495109
400,412794
400,320694
400,322244
400,399499
400,330434
400,336926
400,368412
400,415276
400,484220
400,401409
400,405508
400,481740
400,315505
400,389944
400,311809
400,505483
400,510075
400,450178
400,450657
400,549099
400,618789
400,345868
400,407973
400,998460
400,363118
400,441100
400,293615
400,489257
400,419565
400,404417
400,515003
400,373267
500,1016297
500,741282
500,549350
500,637595
500,5541859
500,521710
500,629436
500,655612
500,1584849
500,795873
500,629937
500,828635
500,526293
500,546245
500,885486
500,690277
500,862729
500,928478
500,1072367
500,815594
500,556922
500,597911
500,744729
500,558811
500,576348
500,570161
500,732534
500,540048
500,544792
500,636031
500,916967
500,1242886
500,662175
500,761213
500,580385
500,661186
500,591422
500,724662
500,558698
500,595497
500,447064
500,651230
500,517376
500,617101
500,656057
500,636145
500,468516
500,473459
500,533627
500,668088
500,568191
500,484611
500,894643
500,499011
500,562437
500,450801
500,2281779
500,516944
500,662133
500,1390058
500,1231524
500,476110
500,462072
500,546419
500,459660
500,1014635
500,666148
500,544920
500,677364
500,591635
500,1041628
500,631813
500,473866
500,681758
500,1034344
500,562739
500,1003825
500,503141
500,2947191
500,588419
500,656651
500,810507
500,776062
500,697548
500,632931
500,822980
500,636407
500,827135
500,507321
500,755606
500,969795
500,689588
500,1154034
500,540620
500,777566
500,763597
500,470553
500,486026
500,1262364
500,605973
500,747262
500,3304213
500,792778
500,748544
500,541921
500,4186774
500,891493
500,584843
500,522340
500,650764
500,620597
500,738818
500,592892
500,477283
500,645877
500,443129
500,1077214
500,452657
500,708476
500,844609
500,579671
500,634697
500,551983
500,563029
500,699458
500,420274
500,476866
500,527116
500,734837
500,610693
500,749007
500,675243
500,461739
500,562405
500,544893
500,734075
500,726184
500,653753
500,616264
500,709727
500,494323
500,752698
500,549505
500,611998
500,592267
500,596908
500,850906
500,965944
500,682351
500,647515
500,550421
500,534868
500,783157
500,805487
500,737116
500,728824
500,472300
500,696498
500,533701
500,885364
500,549005
500,675216
500,1427098
500,577704
500,520256
500,561041
500,945269
500,545226
500,537332
500,693002
500,586910
500,656344
500,869056
500,863751
500,969919
500,488677
500,493693
500,456365
500,736454
500,433241
500,832916
500,701858
500,672376
500,765573
500,526842
500,837024
500,862990
500,1311580
500,674803
500,629960
500,501091
500,574304
500,847615
500,766848
500,763245
500,541883
500,477320
500,557539
500,520103
500,495946
500,811547
500,542347
500,598807
500,1048891
500,24312057
500,442130
500,684340
500,585292
500,734664
500,3217205
500,433876
500,975246
500,835860
500,485259
500,890665
500,624880
500,570345
500,548272
500,662277
500,761483
500,639759
500,823761
500,4720495
500,540998
500,580302
500,734175
500,523020
500,505725
500,792763
500,520504
500,860209
500,540822
500,618539
500,596447
500,534072
500,743843
500,615971
500,726266
500,615257
500,578472
500,567561
500,513163
500,605822
500,794125
500,668949
500,793370
500,533298
500,551038
500,711056
500,458968
500,647017
500,730767
500,611788
500,689170
500,776522
500,574748
500,606696
500,482202
500,738340
500,712642
500,1656572
500,854054
500,603874
500,666678
500,565205
500,684717
500,1151105
500,2487153
500,977584
500,501456
500,507428
500,930055
500,483239
500,590949
500,596897
500,488090
500,656844
500,764162
500,656688
500,506531
500,663172
500,602455
500,940836
500,769140
500,666507
500,480845
500,668709
500,589855
500,762589
500,568824
500,696537
500,3008940
500,687530
500,567463
500,623562
500,873419
500,745876
500,792090
500,691437
500,547640
500,1474860
500,628017
500,1046227
500,658942
500,1171509
500,709362
500,494879
500,512052
500,842184
500,667361
500,807769
500,5658300
500,736004
500,1385278
500,741311
500,547716
500,431492
500,531198
500,871531
500,503914
500,1087528
500,807201
500,675154
500,613999
500,609849
500,581420
500,641132
500,477515
500,596997
500,938993
500,849274
500,1159605
500,612531
500,1616596
500,619301
500,666742
500,1046725
500,522794
500,715111
500,548350
500,554537
500,578117
500,668955
500,905260
500,552027
500,482520
500,721627
500,652198
500,739301
500,720856
500,581071
500,571275
500,740447
500,562887
500,579361
500,509140
500,674772
500,514628
500,546974
500,683926
500,549268
500,643964
500,584668
500,636793
500,676296
500,733452
500,670729
500,719929
500,1132411
500,679015
500,604138
500,597460
500,615195
500,603413
500,865694
500,716153
500,472758
500,807468
500,780617
500,667880
500,600376
500,582595
500,564871
500,613589
500,538567
500,632419
500,916585
500,523125
500,598019
500,463503
500,728649
500,494327
500,763869
500,596927
500,663988
500,620382
500,527397
500,615255
500,754769
500,575453
500,627291
500,666852
500,603388
500,616866
500,452842
500,2232927
500,745760
500,582615
500,1333134
500,1034500
500,536519
500,646456
500,505655
500,1315567
500,442288
500,670891
500,528437
500,491514
500,625035
500,655775
500,558745
500,781863
500,654524
500,581270
500,891543
500,569013
500,584782
500,629499
500,979211
500,521373
500,455222
500,515764
500,862010
500,570034
500,560445
500,505522
500,717766
500,524555
500,2236526
500,486232
500,771847
500,530850
500,517521
500,826743
500,640632
500,724182
500,903148
500,1448897
500,492735
500,866544
500,625550
500,575133
500,570809
500,523847
500,766166
500,1058606
500,810416
500,683548
500,678320
500,603329
500,663629
500,537295
500,428901
500,599283
500,589073
500,587202
500,587570
500,619768
500,668141
500,551177
500,591395
500,562523
500,646665
500,724611
500,735828
500,624210
500,707769
500,1024939
500,812427
500,1059382
500,580636
500,549404
500,635380
500,494094
500,621745
500,468036
500,802662
500,637635
500,872868
500,513327
500,549848
500,750600
500,1324280
500,599810
500,600283
500,878700
500,762675
500,577090
500,639174
500,577557
600,870675
600,773773
600,1132025
600,1963471
600,856019
600,899886
600,993188
600,1094741
600,823526
600,625732
600,630367
600,811712
600,1193087
600,891386
600,963032
600,824903
600,690926
600,1073164
600,678407
600,956756
600,795283
600,1046196
600,791026
600,2151740
600,722967
600,1221050
600,786385
600,1056767
600,753165
600,1376856
600,1102428
600,951854
600,751412
600,873944
600,1878698
600,721233
600,909813
600,1009816
600,771796
600,728004
600,1000524
600,1095223
600,922441
600,698531
600,727413
600,675918
600,992993
600,887202
600,843815
600,978128
600,1411300
600,1267825
600,776027
600,1363282
600,1398539
600,948693
600,717101
600,720087
600,705336
600,903510
600,714855
600,854439
600,865252
600,804524
600,948661
600,1228949
600,1037429
600,695877
600,898177
600,1263337
600,844316
600,1512717
600,780314
600,791484
600,816879
600,923663
600,1112683
600,771077
600,954102
600,916697
600,844979
600,947098
600,684785
600,840741
600,979249
600,916960
600,808171
600,1409301
600,1508162
600,1072199
600,813245
600,1335517
600,1362263
600,903152
600,950024
600,961264
600,698373
600,876535
600,848947
600,606965
600,1099934
600,865276
600,848871
600,1175156
600,772755
600,1150956
600,852031
600,1044604
600,789298
600,704156
600,958703
600,913771
600,832846
600,1067310
600,968119
600,885973
600,687353
600,1455409
600,695432
600,788226
600,1050731
600,736480
600,4407221
600,1219418
600,1069557
600,3457876
600,117753800
600,728781
600,939780
600,729458
600,738336
600,862835
600,747578
600,943132
600,1373365
600,652838
600,974079
600,727079
600,742977
600,690400
600,928036
600,1153464
600,740922
600,1309777
600,623721
600,671191
600,791547
600,882731
600,1031072
600,856985
600,2356552
600,739228
600,670502
600,891274
600,1289895
600,783092
600,1327279
600,15731722
600,2533050
600,1087270
600,678250
600,808364
600,1445767
600,912777
600,1181158
600,1053827
600,860312
600,1439123
600,783734
600,1041696
600,841482
600,4953154
600,1257119
600,952489
600,721190
600,1096723
600,1383684
600,1005404
600,940317
600,807164
600,665121
600,1621848
600,769353
600,942835
600,966528
600,866214
600,1158450
600,874623
600,1050295
600,860624
600,741677
600,738115
600,2723768
600,1036628
600,673871
600,57011954
600,749148
600,768646
600,798944
600,678604
600,814029
600,779957
600,685137
600,825390
600,959844
600,1065490
600,1346372
600,1268875
600,711909
600,929552
600,682973
600,839721
600,908464
600,1022637
600,675046
600,837111
600,1103083
600,924219
600,723440
600,848122
600,1282526
600,651873
600,999170
600,1166565
600,1002481
600,791229
600,956975
600,729559
600,1704795
600,1198883
600,872698
600,990324
600,2968573
600,1082966
600,1438723
600,770703
600,801211
600,1147041
600,816811
600,651478
600,788993
600,706621
600,694061
600,1133048
600,733179
600,856929
600,765664
600,1093111
600,863549
600,792571
600,762960
600,882872
600,730263
600,886148
600,860972
600,661705
600,1036420
600,946938
600,800598
600,849695
600,738838
600,1227950
600,1074602
600,779638
600,1029908
600,710740
600,734574
600,703314
600,988868
600,1012430
600,599082
600,728400
600,661019
600,707911
600,1382496
600,1095770
600,1092163
600,1007703
600,758260
600,956086
600,979023
600,1009860
600,676674
600,1179850
600,777643
600,935964
600,766642
600,901668
600,628643
600,756677
600,860278
600,898669
600,1022069
600,836354
600,686156
600,750869
600,856303
600,785170
600,990238
600,869219
600,984852
600,1181657
600,1411490
600,945993
600,811331
600,661146
600,1030089
600,917698
600,910807
600,902465
600,999517
600,2550607
600,859182
600,903539
600,2149689
600,794576
600,11001262
600,730886
600,878709
600,957968
600,669871
600,802477
600,860893
600,1249678
600,863594
600,865675
600,577600
600,1133088
600,908206
600,1646889
600,1092192
600,843838
600,935956
600,831605
600,1078801
600,1033455
600,990573
600,784031
600,698045
600,765358
600,749009
600,771806
600,841253
600,1109412
600,772005
600,732996
600,800129
600,982715
600,854010
600,918173
600,645336
600,822957
600,1058211
600,853014
600,1779266
600,751329
600,738421
600,958574
600,948452
600,761911
600,804536
600,1211227
600,781057
600,730082
600,1260423
600,1120307
600,930759
600,1462781
600,1008670
600,1642045
600,2848534
600,777283
600,859790
600,1184330
600,4491975
600,959608
600,998634
600,1426652
600,1855967
600,802508
600,1245953
600,1618119
600,806686
600,912841
600,764628
600,815064
600,732532
600,885453
600,662827
600,1224295
600,1108718
600,1391070
600,671147
600,858232
600,1538413
600,725657
600,671941
600,885150
600,1266721
600,723190
600,1124224
600,813053
600,764223
600,24281881
600,1306550
600,1055636
600,799948
600,685846
600,974628
600,772527
600,943840
600,619665
600,779657
600,712148
600,2563703
600,901782
600,46767152
600,864268
600,866084
600,1257149
600,700436
600,1118799
600,842147
600,873204
600,971137
600,837979
600,655127
600,989212
600,1272485
600,941117
600,634094
600,852493
600,945605
600,713751
600,721764
600,796545
600,1257075
600,705994
600,729200
600,696699
600,912334
600,862412
600,965146
600,763631
600,6928640
600,2079714
600,636174
600,2575959
600,623972
600,629409
600,825673
600,904194
600,873685
600,702231
600,762643
600,687457
600,772599
600,617066
600,960046
600,957241
600,701057
600,836575
600,1096095
600,749662
600,633098
600,924919
600,808418
600,808164
600,608594
600,835897
600,853412
600,1095430
600,944922
600,1010808
600,1080904
600,1047855
600,866128
600,1061914
600,1310109
600,604598
600,894944
600,1028777
600,778223
600,1146529
600,766067
600,1480726
600,1047855
600,829928
600,955563
600,699805
600,935736
600,768976
600,895975
600,1011136
600,866714
600,713696
600,843835
600,870029
600,646124
600,886602
700,1109438
700,919736
700,1476040
700,1360610
700,1360067
700,1795804
700,982762
700,3463511
700,1136742
700,880190
700,963865
700,1435447
700,1164665
700,1464218
700,2649673
700,1497510
700,1287181
700,1001652
700,2230974
700,1403346
700,1604031
700,1089796
700,1203748
700,1886960
700,1541113
700,1834987
700,1508229
700,1032836
700,1290778
700,1493594
700,1087247
700,7729854
700,2700233
700,1424759
700,974464
700,1014410
700,924323
700,1926957
700,1082941
700,1542768
700,1476864
700,1400602
700,1344963
700,1315804
700,1221991
700,1234248
700,929308
700,1263079
700,1121970
700,1083588
700,1559815
700,1140697
700,1539597
700,1299467
700,1019253
700,1330746
700,1341524
700,1551362
700,1228948
700,1330647
700,2055002
700,908005
700,1037964
700,1284427
700,1232515
700,1359366
700,970469
700,1069556
700,860165
700,1676807
700,1276997
700,1196307
700,1676340
700,2253827
700,1298062
700,2289601
700,1961236
700,2253463
700,1453503
700,889958
700,2080106
700,1059368
700,1270843
700,2067292
700,1258628
700,1207656
700,4091885
700,1184699
700,2629994
700,2508875
700,1274822
700,1202991
700,985865
700,2233743
700,1289038
700,36259095
700,1230743
700,1587164
700,1010175
700,1131875
700,1487921
700,1180416
700,1201458
700,1580878
700,1753355
700,957554
700,1150348
700,872257
700,1847075
700,1801141
700,1013108
700,965657
700,1279289
700,996075
700,1914726
700,1225063
700,1003373
700,922884
700,1196057
700,992525
700,2760606
700,1468035
700,1125253
700,1057105
700,1005920
700,861272
700,2220407
700,1371333
700,1057913
700,1433248
700,1014439
700,896865
700,901326
700,1835852
700,1669831
700,2163695
700,1192911
700,1417369
700,1078743
700,1496605
700,1101113
700,1120122
700,1642497
700,1458373
700,2249194
700,2018450
700,1565644
700,1608886
700,959541
700,1064974
700,1498308
700,1490306
700,995099
700,1032368
700,2116410
700,1262308
700,1334114
700,1081066
700,2885551
700,1636907
700,1040242
700,1262881
700,1600027
700,1217807
700,1197936
700,1231715
700,958902
700,1199151
700,991921
700,1084691
700,1086056
700,1453147
700,1770216
700,1539956
700,968507
700,1517252
700,1920376
700,2636786
700,1034925
700,1377960
700,1337461
700,1110352
700,975240
700,2621420
700,1047642
700,1285840
700,1162973
700,925863
700,872002
700,1629051
700,978832
700,1342713
700,1395300
700,972362
700,978339
700,1199916
700,1142969
700,1151291
700,931838
700,1268581
700,1449105
700,1133798
700,1100162
700,868469
700,1459202
700,886464
700,1178938
700,1042548
700,1098308
700,1670579
700,1569646
700,1097633
700,1170255
700,1036064
700,1345721
700,1088320
700,1632329
700,939405
700,1116895
700,1955744
700,1237834
700,1114270
700,4393885
700,3565444
700,1276102
700,1248576
700,1945817
700,952758
700,849233
700,1288763
700,954151
700,898930
700,1191919
700,1216468
700,934897
700,938278
700,1298110
700,891398
700,1304944
700,1446145
700,1296195
700,1192489
700,994682
700,3728596
700,1023785
700,1311506
700,1378589
700,1152887
700,1514921
700,1197386
700,998012
700,1072443
700,966901
700,1124632
700,1118861
700,2174616
700,913909
700,1212979
700,1028696
700,901658
700,2086502
700,3549935
700,1398883
700,3135109
700,1421455
700,1548165
700,1468078
700,1321430
700,1363157
700,1438722
700,1132481
700,998448
700,833754
700,1235070
700,1275564
700,1041623
700,1148782
700,1523774
700,1432365
700,1246781
700,1517448
700,1343213
700,1153635
700,1153702
700,1078208
700,2831922
700,1200439
700,1176943
700,1024000
700,1021525
700,941336
700,981757
700,2939700
700,1139966
700,1656978
700,1222679
700,1098675
700,1197446
700,1294196
700,1170237
700,1163887
700,1224622
700,926931
700,1059600
700,1005790
700,1587672
700,1457300
700,2238000
700,885586
700,1371366
700,1565800
700,15268658
700,1176617
700,1076072
700,1493470
700,1263596
700,774236
700,1339636
700,1499907
700,989618
700,1408653
700,1690304
700,923233
700,1056734
700,1257278
700,1300223
700,992842
700,885760
700,1158459
700,997457
700,1035000
700,890280
700,1334081
700,897553
700,1066766
700,1043271
700,1061726
700,13092896
700,1374155
700,1395496
700,1150261
700,1095350
700,1212869
700,1846069
700,5862581
700,1293990
700,1195424
700,1040025
700,978837
700,1114191
700,2838542
700,1866178
700,1296998
700,3218085
700,1096714
700,876573
700,1697474
700,925865
700,2614955
700,1063478
700,1293532
700,1325155
700,1178987
700,917011
700,1127076
700,1324767
700,6031257
700,1846130
700,2343271
700,1146932
700,2293308
700,899239
700,1266404
700,1231282
700,2601497
700,1219473
700,1148450
700,1454758
700,1289777
700,986413
700,1983274
700,1016425
700,1053989
700,1470956
700,1071728
700,1046056
700,1280064
700,1585950
700,1213839
700,1153338
700,1259775
700,1159397
700,1143631
700,1876436
700,950229
700,1215277
700,1824222
700,2004827
700,1162258
700,1132876
700,1561540
700,1014315
700,1462090
700,1208555
700,1060684
700,1192205
700,1884942
700,837508
700,990440
700,935164
700,1440722
700,1463629
700,1098424
700,1286248
700,1071725
700,1011461
700,1085067
700,1073247
700,40923687
700,1023670
700,1580926
700,1202206
700,1232103
700,1203412
700,1676317
700,934744
700,1193900
700,1480796
700,871981
700,1196741
700,1192600
700,1090986
700,1415350
700,2500853
700,879958
700,1567983
700,1086502
700,1167034
700,1084473
700,1792984
700,1214317
700,1899901
700,1049575
700,1020562
700,902317
700,901635
700,1464059
700,1121626
700,2309491
700,892325
700,1428907
700,1769058
700,1478793
700,1421445
700,1224581
700,1043424
700,1147854
700,972703
700,1370795
700,891736
700,2122609
700,1255977
700,1048839
700,1123947
700,1014928
700,1105618
700,1381434
700,1577707
700,2753468
700,1207177
700,862929
700,1027540
700,933373
700,1064844
700,1925372
700,1671150
700,1208243
700,2798869
700,1183452
700,1255103
700,6107320
700,1050536
700,1406764
700,1022581
700,2632272
700,1219377
700,1429754
700,1074215
700,1420344
700,1201534
700,1020592
700,1512352
700,6030009
700,1014148
700,896766
700,922744
700,1622800
700,1186599
700,1225425
700,1155029
800,1787548
800,1435077
800,1476029
800,2045911
800,1677938
800,2349776
800,1570405
800,1892841
800,2362908
800,81155771
800,1684664
800,1627063
800,2052772
800,1527464
800,1811569
800,2505177
800,2220543
800,1298774
800,1984412
800,5017476
800,1398503
800,1230691
800,2298520
800,1661747
800,1588305
800,1705866
800,1397342
800,1433558
800,3850884
800,1330022
800,2275401
800,5227196
800,1247677
800,1264826
800,1588196
800,2275519
800,1077860
800,1935874
800,1771209
800,1516535
800,2557420
800,1979246
800,2251107
800,1654023
800,4859971
800,1192682
800,1930958
800,1614696
800,1802819
800,1436512
800,2001589
800,1027209
800,1607514
800,1884679
800,1242834
800,1267012
800,1159516
800,1550268
800,1862808
800,1348945
800,1810331
800,1893576
800,1528617
800,1976290
800,2014557
800,1740553
800,1819634
800,1235673
800,1701140
800,1160781
800,1515452
800,1424864
800,1366520
800,1178044
800,1892722
800,1539286
800,1837216
800,2279352
800,4002461
800,1640794
800,1259177
800,2387411
800,4481261
800,1362419
800,1969480
800,1473250
800,1857806
800,7580639
800,1440226
800,2484410
800,2094182
800,1204561
800,1617065
800,1387871
800,2010246
800,1793035
800,4177112
800,1282350
800,1607828
800,1462347
800,1421801
800,2084429
800,1317021
800,1953461
800,1134401
800,1381141
800,1604232
800,2050788
800,4674308
800,1626334
800,2013780
800,2510603
800,1684085
800,1652171
800,2127831
800,3454823
800,1553454
800,1076806
800,1636559
800,1341873
800,1071570
800,4528808
800,17674546
800,1946104
800,2172503
800,1500281
800,1864265
800,3442438
800,1445836
800,1597339
800,2714767
800,1226707
800,1643727
800,1156446
800,5400016
800,1704641
800,1324469
800,1250601
800,1374062
800,2155975
800,1215594
800,1233689
800,1345579
800,1649104
800,7977035
800,1622906
800,1356953
800,1623940
800,1260862
800,2781100
800,1921141
800,1530332
800,1165378
800,2093344
800,2574473
800,1367454
800,3321815
800,1982555
800,1434527
800,1619198
800,1312710
800,6573721
800,1395808
800,1438142
800,1371497
800,1290547
800,1235129
800,1398671
800,1636030
800,1766603
800,1227390
800,1234209
800,1490125
800,1298730
800,1513728
800,1285000
800,1485817
800,1241826
800,1284261
800,1828853
800,1452961
800,1758034
800,1654797
800,2039327
800,1929476
800,1793432
800,1935582
800,4659791
800,1633254
800,2111632
800,1624697
800,2612865
800,14868777
800,1892265
800,4915174
800,1399323
800,1444429
800,1303141
800,1136416687
800,2246642
800,1312169
800,1640265
800,1166648
800,1548040
800,1640752
800,1503599
800,2999726
800,1708971
800,1895763
800,1348827
800,1686003
800,1254123
800,1636493
800,1187167
800,1543573
800,1580415
800,1372691
800,2186504
800,3167257
800,1623376
800,1772782
800,1498767
800,2542187
800,1494172
800,1628537
800,10305532
800,1786686
800,1126005
800,1525875
800,1520650
800,1388124
800,1131312
800,1537740
800,1490013
800,3702852
800,1378787
800,2087141
800,4439057
800,2261878
800,3760055
800,1986840
800,1540133
800,2407405
800,5504835
800,1302473
800,1401149
800,1963578
800,2082081
800,1221010
800,1730311
800,1416299
800,1215263
800,1442868
800,2433074
800,1987750
800,1431190
800,1654748
800,1915096
800,1273162
800,1424467
800,2357808
800,2323583
800,1165096
800,1104877
800,2171562
800,1947896
800,1392867
800,1702457
800,1174322
800,1118540
800,1697966
800,1849429
800,1629441
800,1536161
800,3425754
800,1381117
800,2340997
800,1402918
800,2215982
800,1450328
800,1405718
800,1171581
800,1286302
800,2745213
800,2024562
800,4069586
800,1336403
800,4536752
800,1541830
800,2333148
800,1994874
800,3240822
800,1808734
800,1251059
800,2128705
800,2156275
800,2188202
800,2701781
800,1410617
800,1551489
800,1331695
800,1653224
800,4012393
800,10118555
800,1403136
800,2846721
800,1620458
800,1896774
800,1238429
800,1465620
800,3599732
800,1418717
800,1681439
800,1327507
800,1340368
800,2115680
800,1811343
800,1239940
800,1284075
800,1420788
800,1422091
800,1381427
800,1588701
800,1603858
800,2729144
800,1301585
800,3578698
800,1516036
800,1650553
800,1255897
800,1314193
800,1684474
800,1224934
800,1826336
800,1449898
800,2045173
800,1616819
800,1305746
800,1159872
800,1555106
800,1663370
800,1524681
800,1370659
800,2053814
800,1790891
800,4134919
800,2668591
800,1293990
800,2034586
800,1484912
800,1940688
800,5261063
800,1237252
800,1128339
800,1390546
800,1563415
800,3606555
800,1211333
800,3298846
800,1493586
800,1357402
800,1339216
800,1270393
800,1465646
800,1423292
800,1588637
800,1244130
800,1042012
800,1945502
800,1280899
800,1150371
800,1911319
800,1210901
800,1899496
800,1905956
800,3013430
800,4220576
800,1823446
800,1438351
800,1593087
800,1496352
800,2116907
800,1425523
800,1534483
800,1181097
800,1604276
800,1483887
800,1537154
800,3302533
800,1303665
800,1404840
800,1522329
800,1286715
800,1690864
800,2214753
800,2715555
800,1155300
800,1423110
800,1417917
800,9655705
800,2764998
800,1384662
800,1045765
800,1722097
800,1740173
800,1659962
800,2345158
800,1380192
800,1401798
800,1504540
800,1867110
800,2306019
800,1649241
800,1680839
800,1517589
800,2447490
800,1237300
800,1960753
800,5358524
800,2393158
800,3290362
800,1571882
800,8832779
800,1209233
800,1750911
800,1251629
800,1173421
800,1550392
800,1106705
800,2113943
800,1697738
800,3120023
800,1375461
800,2220356
800,1165443
800,1556070
800,2224083
800,2007588
800,1666007
800,1325170
800,1392278
800,1414632
800,1992527
800,1580172
800,1319778
800,1944114
800,1851578
800,1475550
800,1473026
800,2741059
800,1413716
800,1504082
800,1395750
800,1200249
800,1128451
800,1742879
800,3046800
800,1859230
800,1587992
800,2263891
800,1129825
800,1117268
800,1923697
800,1506026
800,1488136
800,1257102
800,1661756
800,1326620
800,1496157
800,4871304
800,1876689
800,5245395
800,1385423
800,1505584
800,2090982
800,1298330
800,3153494
800,1584430
800,1343170
800,1330547
800,2013602
800,1658504
800,1906659
800,1494360
800,1674573
800,4653307
800,1761909
800,1437693
800,3716214
800,1346573
800,3079189
800,1373902
800,1136519
800,2206373
800,1038775
800,8050145
800,2932746
800,1258266
800,1404110
800,1833621
900,2116038
900,1913039
900,1419240
900,1897294
900,2082909
900,2171204
900,1626021
900,1623557
900,2555909
900,2675834
900,1980176
900,2473321
900,2504453
900,3146262
900,2333818
900,2025603
900,5717188
900,3109330
900,1847043
900,4268514
900,2019661
900,6623145
900,2048963
900,1995796
900,1386167
900,1516405
900,3225082
900,1845905
900,1604703
900,2127861
900,2066345
900,4194545
900,1866575
900,1765841
900,2077299
900,3108198
900,20567147
900,2114847
900,6765184
900,6135135
900,1588227
900,2170699
900,1667294
900,1929546
900,1829030
900,1901310
900,2031142
900,3372153
900,4052757
900,2904314
900,1634319
900,2175536
900,3066880
900,1756522
900,1719447
900,1913381
900,1345960
900,1940772
900,1995236
900,2859803
900,1879576
900,3284428
900,2110151
900,1919836
900,1663520
900,5208754
900,3398577
900,2091560
900,1704324
900,2533017
900,1401848
900,1439986
900,12902826
900,12075324
900,2243350
900,1790572
900,2584697
900,2199719
900,1857775
900,2264845
900,4217198
900,1611508
900,2061225
900,1616924
900,1799001
900,3069929
900,1705129
900,1705953
900,2991811
900,3870932
900,1694156
900,1922527
900,2248027
900,1746384
900,3202729
900,4383788
900,2035151
900,2059914
900,1698930
900,8581051
900,2629978
900,1445656
900,2677627
900,1733063
900,2601907
900,1256782
900,1876486
900,1814776
900,1562265
900,2170256
900,1389855
900,1962552
900,2387713
900,2890019
900,2467411
900,2023203
900,1530735
900,1981334
900,1855895
900,1926657
900,18075775
900,1825804
900,2179229
900,1736778
900,2381300
900,2651223
900,1926516
900,2025130
900,2949910
900,2615505
900,1855922
900,2079229
900,1772895
900,1448925
900,3471703
900,2268238
900,2533665
900,1696926
900,7111538
900,4571581
900,1458444
900,1698871
900,5577459
900,1487261
900,1959036
900,1370697
900,1518257
900,4476778
900,2768458
900,2350127
900,2190946
900,1987252
900,1996908
900,4414834
900,2110271
900,4541111
900,3163864
900,2472463
900,1988940
900,1327505
900,1958915
900,2736597
900,1396320
900,5735734
900,1749358
900,16739883
900,3976480
900,1916884
900,2391035
900,8448282
900,4651335
900,2025834
900,1706835
900,2142269
900,2305994
900,16800576
900,1526580
900,2402336
900,2570481
900,2343827
900,1943301
900,6344135
900,2714771
900,2037310
900,2101484
900,2762479
900,3649904
900,1976706
900,2209272
900,2083460
900,1970624
900,1864427
900,1369223
900,1985076
900,1802102
900,1609806
900,1633356
900,2387712
900,1757812
900,2631119
900,1754079
900,2496341
900,1708583
900,2450541
900,1993099
900,1688317
900,1740090
900,1783749
900,2163018
900,1490588
900,2147763
900,1581509
900,1808597
900,1895680
900,2804640
900,1815423
900,1964387
900,3899791
900,1895736
900,1868005
900,1859558
900,2119591
900,1583007
900,2250432
900,1875914
900,1553463
900,2132788
900,1719629
900,2997992
900,2282652
900,3818153
900,2327813
900,2951712
900,1711936
900,2356435
900,1724561
900,4443767
900,1700096
900,1980580
900,2379794
900,2017059
900,2013851
900,2014416
900,1990737
900,1614887
900,1484311
900,1976883
900,1430819
900,2369567
900,2508162
900,3846793
900,2398461
900,1919791
900,1642222
900,3257179
900,2276970
900,1986763
900,3034208
900,1444414
900,2113130
900,3771722
900,1984423
900,2678188
900,2826806
900,3790402
900,105757715
900,1936176
900,1645780
900,2719086
900,3318788
900,2121785
900,2004075
900,1797583
900,8214455
900,1969863
900,2014747
900,2469939
900,2040715
900,1919727
900,2412034
900,4088382
900,1619364
900,1690480
900,2315924
900,1504829
900,1683276
900,1924961
900,2584691
900,2211584
900,1690399
900,6939231
900,2095143
900,2455792
900,1523503
900,2350558
900,2286637
900,1932992
900,2696293
900,3392266
900,1394079
900,1769329
900,1910727
900,2429170
900,2123013
900,3530143
900,1853585
900,1692846
900,1688750
900,2226962
900,2057072
900,1854207
900,1730412
900,1866543
900,2863959
900,1939929
900,1925693
900,1403895
900,2417986
900,2263987
900,1763818
900,1772890
900,1639392
900,2820220
900,1893538
900,2107086
900,2108850
900,2675879
900,1847008
900,1671408
900,1802035
900,1762548
900,4410797
900,2640818
900,1657466
900,7555838
900,2033266
900,1975478
900,1818175
900,2073158
900,1951953
900,2618216
900,1651704
900,4420885
900,1723613
900,4976072
900,2005842
900,1590013
900,1754119
900,2550891
900,1930184
900,1774697
900,3906714
900,1760483
900,2292100
900,2084035
900,2550429
900,3202759
900,1552627
900,2059621
900,1608717
900,1553433
900,2345430
900,3094285
900,1675647
900,2333203
900,1531988
900,1744440
900,1658549
900,2480463
900,8307023
900,2584596
900,1710037
900,1508637
900,3546721
900,5066696
900,1858520
900,17092075
900,2059813
900,1743606
900,1704377
900,3234755
900,1274485
900,1809312
900,1428395
900,1640662
900,2020576
900,2156443
900,1654265
900,2005175
900,1543086
900,2526558
900,1925937
900,5372790
900,2386646
900,1619964
900,3483650
900,2567492
900,6972273
900,1565091
900,1647689
900,3260724
900,2359590
900,2927743
900,1911779
900,1894677
900,1615174
900,2623718
900,2652961
900,3237978
900,1759459
900,1642380
900,1817040
900,1924847
900,1641642
900,1474260
900,2722403
900,2154372
900,2583910
900,2743027
900,5757993
900,1536873
900,4006473
900,1893232
900,2008925
900,2505556
900,1977581
900,1446687
900,1372548
900,2270999
900,1727400
900,1447655
900,2506650
900,5911154
900,2787085
900,9336928
900,2350618
900,2509169
900,1793859
900,3225064
900,1892164
900,4409177
900,1530827
900,2109229
900,4598545
900,1808289
900,3284426
900,2158144
900,1342887
900,3047700
900,2465144
900,1725760
900,1616666
900,1848510
900,3343098
900,2589296
900,1925115
900,1438571
900,1620059
900,2316249
900,2188187
900,2260998
900,1655055
900,2243286
900,5845673
900,2198266
900,2404235
900,2412584
900,2779043
900,1882904
900,1580787
900,4571767
900,1933615
900,1863635
900,3117532
900,1998002
900,1578170
900,1867629
900,2047839
900,2347748
900,3055052
900,1794652
900,1607902
900,1994209
900,2218910
900,1774918
900,7883770
900,1650969
900,2554081
900,3225007
900,2408873
900,1799428
900,2694584
900,3661223
900,1518335
900,3108356
900,82120155
900,1739025
900,1927283
900,2025690
900,4071606
1000,2759925
1000,2606436
1000,2106450
1000,2876482
1000,2345876
1000,1660675
1000,1879950
1000,8125514
1000,1583963
1000,7730352
1000,3729495
1000,2632262
1000,2144375
1000,8243348
1000,4021224
1000,3754347
1000,2758551
1000,2308702
1000,10816795
1000,2396670
1000,2795468
1000,2321519
1000,2367187
1000,2220068
1000,3061012
1000,2966665
1000,2081025
1000,5082280
1000,2949152
1000,2798975
1000,4683641
1000,6018837
1000,3294636
1000,2165264
1000,2676150
1000,11749167
1000,2799574
1000,3237149
1000,1814464
1000,1760928
1000,2499188
1000,3026588
1000,2233255
1000,3564489
1000,2038036
1000,1934498
1000,4019419
1000,3318750
1000,3103037
1000,3410127
1000,3510325
1000,2255854
1000,3856604
1000,2078002
1000,2504762
1000,2350520
1000,2931511
1000,2004418
1000,3400763
1000,2767320
1000,2054261
1000,1884873
1000,3895383
1000,2280645
1000,10023548
1000,2434872
1000,2392240
1000,2032474
1000,1646881
1000,3421578
1000,3268590
1000,1632199
1000,1561520
1000,3106329
1000,2008774
1000,1694248
1000,4657566
1000,1803187
1000,3447093
1000,2771220
1000,3122813
1000,3583095
1000,1998163
1000,2381805
1000,2164286
1000,2229055
1000,4415131
1000,5749521
1000,2244622
1000,1835297
1000,2414317
1000,2164696
1000,25320653
1000,2375548
1000,1897969
1000,2041793
1000,5886918
1000,2041980
1000,3121842
1000,3879052
1000,2468813
1000,3523778
1000,1872402
1000,1924918
1000,2655543
1000,3234215
1000,2835203
1000,2929970
1000,2430989
1000,2342301
1000,3006515
1000,2157820
1000,3045292
1000,1998416
1000,3754815
1000,25567869
1000,7291200
1000,3289224
1000,1934002
1000,2220433
1000,3480928
1000,17886668
1000,2433038
1000,3289065
1000,2000954
1000,2102790
1000,1926839
1000,3887744
1000,2167169
1000,2060421
1000,3025581
1000,1923115
1000,2369309
1000,1995032
1000,4214133
1000,3065982
1000,2820161
1000,2062206
1000,3097340
1000,1930261
1000,2359453
1000,1973415
1000,3036043
1000,2094054
1000,1873351
1000,2516394
1000,1720991
1000,1851360
1000,2021596
1000,3706965
1000,5425597
1000,3150694
1000,2293950
1000,1908145
1000,3407077
1000,3785165
1000,2486944
1000,3748379
1000,3340762
1000,8396316
1000,2304053
1000,3509767
1000,3843944
1000,2644846
1000,1543285
1000,2852546
1000,2525962
1000,2309041
1000,2173670
1000,2620200
1000,3258433
1000,4875176
1000,2168754
1000,5006133
1000,2151980
1000,6288097
1000,2876627
1000,2979902
1000,1888757
1000,2009228
1000,2684846
1000,5468916
1000,5183558
1000,1927984
1000,4667703
1000,2183335
1000,3955070
1000,2325864
1000,1622783
1000,2406850
1000,3902001
1000,2643914
1000,2526041
1000,1963704
1000,1837695
1000,2331989
1000,2507300
1000,1887961
1000,2427681
1000,1945118
1000,2260829
1000,3108965
1000,2592225
1000,2875618
1000,3325864
1000,2041264
1000,1991703
1000,3001278
1000,3184852
1000,2647785
1000,2604899
1000,3220279
1000,2290659
1000,2616387
1000,2829365
1000,2473209
1000,2162385
1000,2648337
1000,4556377
1000,2325514
1000,1948468
1000,2951188
1000,1954284
1000,3896451
1000,3118377
1000,2264571
1000,1584982
1000,2037383
1000,2250869
1000,2066619
1000,2254486
1000,8982163
1000,2394234
1000,22061124
1000,2335295
1000,3485478
1000,1941072
1000,2170020
1000,3147910
1000,1955643
1000,2411563
1000,2751072
1000,4302928
1000,3465628
1000,2863192
1000,2013126
1000,2846151
1000,3597728
1000,2376785
1000,1922943
1000,2565856
1000,2151360
1000,4621769
1000,2218574
1000,4884087
1000,3348600
1000,2600212
1000,2388558
1000,2642159
1000,4390102
1000,25606203
1000,2373351
1000,2722752
1000,3138855
1000,1974788
1000,2019440
1000,2118768
1000,2304592
1000,5211941
1000,2454995
1000,4163932
1000,2430807
1000,3328191
1000,4642907
1000,2309546
1000,3232641
1000,2763893
1000,2333803
1000,1848158
1000,1746193
1000,2700959
1000,2064023
1000,3864083
1000,3270057
1000,3576451
1000,2278212
1000,2262830
1000,2010835
1000,3397692
1000,2979877
1000,1879798
1000,2636571
1000,2619410
1000,2776765
1000,2293402
1000,2164475
1000,3987058
1000,2660831
1000,2108844
1000,2437977
1000,4305571
1000,1864882
1000,5606522
1000,3197452
1000,2629156
1000,3132245
1000,2993185
1000,6875843
1000,1850735
1000,2108665
1000,20452615
1000,4559808
1000,2719754
1000,2217026
1000,2477942
1000,2227229
1000,1926834
1000,1940482
1000,2176469
1000,2093594
1000,2331109
1000,33468332
1000,6792738
1000,3327904
1000,1854565
1000,4206100
1000,2171956
1000,2361954
1000,2563314
1000,4721098
1000,3379748
1000,3732671
1000,3314221
1000,1992160
1000,2238352
1000,3193653
1000,3327609
1000,5903734
1000,2489504
1000,2607797
1000,3404766
1000,2645232
1000,2007894
1000,15118919
1000,1848076
1000,2005433
1000,2621298
1000,1771569
1000,6956155
1000,2060535
1000,2528009
1000,2607065
1000,3024826
1000,2357131
1000,4692210
1000,2430988
1000,1954281
1000,2755800
1000,2180904
1000,3576463
1000,2398329
1000,1695911
1000,1828873
1000,1881026
1000,3424830
1000,2375228
1000,7806592
1000,2867750
1000,2037724
1000,2307689
1000,3345733
1000,3763040
1000,2076819
1000,1971520
1000,3100371
1000,1894673
1000,1927609
1000,4790713
1000,2105854
1000,2521011
1000,3034432
1000,2760909
1000,2406048
1000,2464500
1000,2131010
1000,2450110
1000,8124942
1000,2200926
1000,2558026
1000,3454409
1000,3648054
1000,1894174
1000,2203267
1000,1959678
1000,2604549
1000,2708450
1000,2314311
1000,3131834
1000,1887618
1000,1572255
1000,3270568
1000,3023105
1000,3042370
1000,1745721
1000,2054335
1000,3801557
1000,3440072
1000,2243271
1000,2095302
1000,3654839
1000,5457688
1000,3935121
1000,2399266
1000,2590127
1000,3881811
1000,3426685
1000,16064115
1000,2078127
1000,2063580
1000,3132149
1000,1919757
1000,4321415
1000,6751805
1000,5393314
1000,7708133
1000,2371230
1000,2131132
1000,5032466
1000,2038287
1000,2756030
1000,3516812
1000,5244375
1000,2751766
1000,3568283
1000,3027115
1000,2270539
1000,1668282
1000,3445949
1000,2688784
1000,3527782
1000,1788180
1000,2133268
1000,2423066
1000,2287087
1000,4540535
1000,2411626
1000,3290245
1000,2013705
1000,2797228
1000,2049659
1000,3904377
1000,2109337
1000,2072142
1000,4933775
1000,4459111
1000,2746790
1000,1960802
1000,2532076
1000,2131960
1000,2144062
1000,2312011
1000,2270000
1000,2193356
1000,1995381
1000,2006361
1000,2829196
1000,2093173
1000,2497908
1000,1641687
1000,2036092
1000,3082317
1000,2762571
1000,2194218
1000,2474141
1000,2508732
1000,4076893
1000,11614893
1000,2799990
1000,2649358
1000,3741748
1000,2047569
1000,2245389
1000,4846333
1000,2412759
1000,2471841
1000,2296318
1000,2245875
1000,2267381
1000,2838359
1000,2991509
1000,1752269
1000,5075491
1000,3110160
1000,3021207
1000,2662569
1000,2097269
1000,1854363
1000,2585155
1000,4118532
1000,2658440
