n,iters
100,791
100,816
100,748
100,800
100,802
100,771
100,761
100,838
100,805
100,815
100,797
100,753
100,807
100,741
100,774
100,756
100,761
100,773
100,758
100,744
100,780
100,808
100,756
100,765
100,813
100,753
100,756
100,763
100,811
100,768
100,802
100,789
100,781
100,771
100,822
100,772
100,791
100,776
100,828
100,787
100,759
100,768
100,811
100,782
100,772
100,780
100,753
100,841
100,772
100,771
100,777
100,747
100,824
100,780
100,768
100,759
100,758
100,775
100,786
100,801
100,751
100,795
100,777
100,741
100,774
100,798
100,798
100,765
100,745
100,747
100,746
100,750
100,769
100,812
100,759
100,769
100,781
100,720
100,792
100,765
100,802
100,788
100,765
100,806
100,781
100,767
100,768
100,775
100,767
100,787
100,788
100,769
100,779
100,784
100,788
100,778
100,788
100,773
100,762
100,832
100,795
100,765
100,810
100,798
100,729
100,788
100,738
100,806
100,776
100,781
100,774
100,845
100,822
100,774
100,784
100,753
100,792
100,764
100,768
100,772
100,779
100,743
100,768
100,780
100,763
100,753
100,781
100,716
100,784
100,779
100,810
100,741
100,793
100,765
100,780
100,786
100,767
100,772
100,778
100,776
100,802
100,763
100,769
100,764
100,795
100,768
100,788
100,768
100,769
100,755
100,810
100,757
100,789
100,784
100,792
100,735
100,796
100,759
100,783
100,799
100,783
100,751
100,795
100,804
100,781
100,747
100,795
100,785
100,744
100,750
100,812
100,794
100,742
100,773
100,747
100,768
100,781
100,764
100,773
100,776
100,758
100,744
100,781
100,767
100,807
100,744
100,754
100,792
100,768
100,772
100,822
100,785
100,807
100,770
100,811
100,750
100,796
100,756
100,740
100,795
100,798
100,795
100,767
100,782
100,728
100,767
100,778
100,815
100,810
100,764
100,749
100,744
100,783
100,775
100,798
100,786
100,786
100,754
100,789
100,796
100,792
100,807
100,801
100,760
100,786
100,838
100,810
100,774
100,783
100,756
100,759
100,792
100,792
100,822
100,824
100,782
100,779
100,757
100,751
100,810
100,801
100,749
100,751
100,756
100,834
100,765
100,798
100,757
100,779
100,815
100,782
100,780
100,785
100,814
100,779
100,780
100,765
100,790
100,736
100,774
100,793
100,774
100,792
100,750
100,784
100,781
100,751
100,767
100,789
100,776
100,774
100,767
100,789
100,783
100,812
100,794
100,759
100,810
100,813
100,776
100,805
100,773
100,782
100,765
100,802
100,822
100,811
100,802
100,766
100,825
100,775
100,776
100,798
100,758
100,790
100,759
100,797
100,784
100,778
100,802
100,766
100,795
100,811
100,750
100,803
100,784
100,765
100,728
100,736
100,762
100,801
100,782
100,748
100,805
100,802
100,768
100,809
100,762
100,835
100,812
100,765
100,771
100,764
100,813
100,794
100,814
100,735
100,785
100,786
100,749
100,750
100,799
100,730
100,763
100,764
100,759
100,770
100,765
100,790
100,798
100,772
100,825
100,788
100,771
100,753
100,747
100,807
100,743
100,743
100,774
100,780
100,819
100,761
100,801
100,764
100,809
100,799
100,750
100,795
100,774
100,758
100,753
100,769
100,780
100,782
100,756
100,765
100,809
100,771
100,774
100,826
100,752
100,759
100,762
100,759
100,758
100,815
100,762
100,809
100,776
100,759
100,758
100,767
100,743
100,759
100,807
100,761
100,770
100,725
100,791
100,760
100,764
100,796
100,772
100,750
100,770
100,796
100,781
100,769
100,768
100,824
100,775
100,826
100,836
100,742
100,780
100,771
100,781
100,762
100,765
100,798
100,814
100,774
100,759
100,803
100,784
100,763
100,790
100,826
100,777
100,828
100,767
100,798
100,794
100,749
100,745
100,822
100,762
100,758
100,773
100,808
100,806
100,768
100,759
100,789
100,763
100,766
100,785
100,748
100,738
100,750
100,781
100,765
100,807
100,736
100,790
100,745
100,782
100,807
100,750
100,816
100,765
100,787
100,796
100,799
100,796
100,768
100,784
100,788
100,777
100,775
100,771
100,807
100,767
100,804
100,767
100,768
100,752
100,754
100,768
100,771
100,754
100,750
100,779
100,793
100,767
100,778
100,808
100,773
100,792
100,760
100,813
100,777
100,747
100,787
100,786
100,771
100,751
100,785
100,748
100,768
100,777
100,850
100,786
100,810
100,772
100,743
100,776
100,778
100,764
200,1610
200,1563
200,1549
200,1567
200,1540
200,1549
200,1530
200,1517
200,1592
200,1552
200,1555
200,1551
200,1536
200,1583
200,1572
200,1499
200,1594
200,1589
200,1556
200,1589
200,1594
200,1573
200,1650
200,1601
200,1567
200,1588
200,1562
200,1531
200,1525
200,1590
200,1522
200,1588
200,1610
200,1554
200,1542
200,1609
200,1552
200,1576
200,1561
200,1586
200,1568
200,1549
200,1568
200,1515
200,1560
200,1568
200,1564
200,1588
200,1549
200,1585
200,1568
200,1554
200,1536
200,1552
200,1533
200,1611
200,1606
200,1539
200,1514
200,1580
200,1518
200,1588
200,1620
200,1573
200,1508
200,1584
200,1549
200,1546
200,1576
200,1598
200,1530
200,1627
200,1571
200,1608
200,1581
200,1532
200,1519
200,1581
200,1530
200,1579
200,1579
200,1570
200,1567
200,1530
200,1557
200,1634
200,1600
200,1586
200,1590
200,1513
200,1580
200,1618
200,1622
200,1569
200,1564
200,1563
200,1540
200,1600
200,1540
200,1553
200,1555
200,1607
200,1573
200,1537
200,1587
200,1644
200,1574
200,1562
200,1526
200,1598
200,1595
200,1568
200,1538
200,1560
200,1561
200,1574
200,1568
200,1544
200,1592
200,1628
200,1591
200,1571
200,1538
200,1554
200,1492
200,1557
200,1565
200,1543
200,1537
200,1541
200,1566
200,1560
200,1587
200,1575
200,1600
200,1656
200,1577
200,1520
200,1598
200,1570
200,1597
200,1547
200,1542
200,1586
200,1540
200,1545
200,1565
200,1589
200,1485
200,1597
200,1602
200,1551
200,1583
200,1559
200,1566
200,1611
200,1516
200,1595
200,1603
200,1589
200,1579
200,1554
200,1570
200,1550
200,1542
200,1555
200,1585
200,1590
200,1545
200,1588
200,1543
200,1594
200,1562
200,1550
200,1549
200,1563
200,1594
200,1555
200,1587
200,1605
200,1546
200,1577
200,1573
200,1576
200,1542
200,1582
200,1588
200,1637
200,1574
200,1484
200,1507
200,1570
200,1559
200,1583
200,1487
200,1517
200,1557
200,1566
200,1629
200,1569
200,1606
200,1612
200,1531
200,1566
200,1531
200,1586
200,1649
200,1550
200,1579
200,1527
200,1597
200,1586
200,1600
200,1558
200,1599
200,1499
200,1560
200,1478
200,1564
200,1522
200,1550
200,1537
200,1505
200,1591
200,1556
200,1564
200,1592
200,1600
200,1604
200,1555
200,1605
200,1547
200,1533
200,1581
200,1561
200,1585
200,1582
200,1506
200,1548
200,1567
200,1556
200,1567
200,1561
200,1597
200,1580
200,1563
200,1529
200,1581
200,1603
200,1545
200,1595
200,1550
200,1539
200,1601
200,1542
200,1576
200,1533
200,1568
200,1601
200,1596
200,1555
200,1551
200,1512
200,1559
200,1575
200,1667
200,1541
200,1543
200,1572
200,1561
200,1618
200,1510
200,1536
200,1584
200,1593
200,1547
200,1573
200,1592
200,1576
200,1530
200,1600
200,1593
200,1543
200,1588
200,1557
200,1570
200,1559
200,1631
200,1586
200,1603
200,1589
200,1531
200,1602
200,1574
200,1590
200,1560
200,1611
200,1553
200,1525
200,1602
200,1536
200,1559
200,1596
200,1629
200,1569
200,1589
200,1596
200,1521
200,1579
200,1567
200,1575
200,1552
200,1568
200,1567
200,1537
200,1564
200,1534
200,1573
200,1524
200,1513
200,1614
200,1605
200,1539
200,1546
200,1623
200,1513
200,1550
200,1582
200,1553
200,1562
200,1559
200,1612
200,1558
200,1552
200,1578
200,1552
200,1569
200,1577
200,1608
200,1522
200,1582
200,1590
200,1599
200,1565
200,1576
200,1544
200,1551
200,1574
200,1574
200,1586
200,1564
200,1528
200,1533
200,1566
200,1588
200,1616
200,1553
200,1649
200,1586
200,1591
200,1580
200,1603
200,1568
200,1600
200,1521
200,1542
200,1554
200,1602
200,1521
200,1564
200,1603
200,1514
200,1502
200,1535
200,1559
200,1606
200,1538
200,1575
200,1596
200,1574
200,1576
200,1550
200,1571
200,1543
200,1554
200,1539
200,1543
200,1572
200,1518
200,1573
200,1526
200,1581
200,1572
200,1555
200,1558
200,1625
200,1510
200,1571
200,1569
200,1627
200,1551
200,1573
200,1551
200,1536
200,1576
200,1606
200,1512
200,1592
200,1583
200,1543
200,1579
200,1576
200,1554
200,1534
200,1541
200,1599
200,1568
200,1581
200,1557
200,1591
200,1593
200,1612
200,1589
200,1593
200,1527
200,1622
200,1544
200,1507
200,1558
200,1553
200,1609
200,1611
200,1627
200,1540
200,1530
200,1555
200,1608
200,1608
200,1625
200,1615
200,1590
200,1557
200,1538
200,1495
200,1593
200,1523
200,1595
200,1529
200,1555
200,1613
200,1539
200,1558
200,1537
200,1600
200,1570
200,1544
200,1639
200,1622
200,1590
200,1606
200,1534
200,1591
200,1588
200,1502
200,1565
200,1548
200,1581
200,1501
200,1511
200,1576
200,1537
200,1580
200,1575
200,1562
200,1586
200,1544
200,1622
200,1540
200,1601
200,1578
200,1577
200,1547
200,1569
200,1594
200,1533
200,1603
200,1567
200,1632
200,1550
200,1602
200,1586
200,1543
200,1589
200,1567
200,1626
200,1557
200,1511
200,1563
200,1583
200,1619
300,2351
300,2328
300,2392
300,2320
300,2331
300,2351
300,2354
300,2314
300,2376
300,2358
300,2308
300,2385
300,2328
300,2374
300,2364
300,2369
300,2328
300,2370
300,2304
300,2321
300,2351
300,2351
300,2372
300,2320
300,2412
300,2360
300,2367
300,2310
300,2350
300,2377
300,2347
300,2276
300,2367
300,2344
300,2381
300,2416
300,2407
300,2328
300,2349
300,2379
300,2357
300,2396
300,2359
300,2382
300,2337
300,2412
300,2302
300,2311
300,2394
300,2346
300,2348
300,2365
300,2361
300,2413
300,2332
300,2375
300,2397
300,2345
300,2333
300,2373
300,2324
300,2368
300,2331
300,2340
300,2388
300,2381
300,2392
300,2313
300,2370
300,2329
300,2329
300,2410
300,2324
300,2420
300,2391
300,2352
300,2364
300,2351
300,2278
300,2393
300,2389
300,2330
300,2328
300,2319
300,2333
300,2384
300,2304
300,2322
300,2287
300,2351
300,2276
300,2383
300,2484
300,2480
300,2333
300,2376
300,2372
300,2355
300,2452
300,2307
300,2341
300,2303
300,2371
300,2303
300,2412
300,2324
300,2341
300,2402
300,2374
300,2389
300,2301
300,2375
300,2369
300,2332
300,2395
300,2380
300,2302
300,2355
300,2332
300,2400
300,2343
300,2336
300,2384
300,2347
300,2402
300,2423
300,2364
300,2301
300,2367
300,2436
300,2393
300,2379
300,2346
300,2395
300,2387
300,2340
300,2414
300,2386
300,2420
300,2344
300,2350
300,2297
300,2307
300,2463
300,2350
300,2420
300,2317
300,2395
300,2355
300,2399
300,2376
300,2357
300,2360
300,2327
300,2369
300,2328
300,2344
300,2319
300,2426
300,2327
300,2354
300,2308
300,2372
300,2412
300,2401
300,2329
300,2372
300,2298
300,2372
300,2354
300,2400
300,2338
300,2379
300,2326
300,2410
300,2338
300,2316
300,2316
300,2366
300,2320
300,2338
300,2314
300,2423
300,2350
300,2381
300,2384
300,2320
300,2387
300,2307
300,2347
300,2386
300,2338
300,2386
300,2326
300,2407
300,2300
300,2358
300,2380
300,2326
300,2310
300,2314
300,2354
300,2404
300,2331
300,2338
300,2361
300,2372
300,2359
300,2319
300,2382
300,2328
300,2333
300,2346
300,2305
300,2266
300,2375
300,2361
300,2385
300,2378
300,2354
300,2354
300,2383
300,2403
300,2349
300,2300
300,2302
300,2354
300,2344
300,2329
300,2354
300,2299
300,2373
300,2351
300,2375
300,2318
300,2353
300,2378
300,2327
300,2330
300,2359
300,2371
300,2345
300,2376
300,2374
300,2403
300,2362
300,2314
300,2297
300,2347
300,2417
300,2272
300,2381
300,2328
300,2347
300,2387
300,2355
300,2371
300,2363
300,2333
300,2318
300,2384
300,2375
300,2342
300,2439
300,2450
300,2291
300,2278
300,2259
300,2356
300,2425
300,2405
300,2366
300,2300
300,2390
300,2364
300,2309
300,2372
300,2443
300,2393
300,2408
300,2363
300,2425
300,2277
300,2347
300,2349
300,2309
300,2384
300,2394
300,2303
300,2390
300,2366
300,2395
300,2345
300,2367
300,2317
300,2365
300,2307
300,2392
300,2350
300,2378
300,2347
300,2369
300,2341
300,2315
300,2358
300,2497
300,2311
300,2316
300,2298
300,2378
300,2402
300,2327
300,2488
300,2327
300,2289
300,2310
300,2423
300,2371
300,2341
300,2425
300,2387
300,2341
300,2407
300,2317
300,2428
300,2316
300,2391
300,2344
300,2345
300,2409
300,2390
300,2372
300,2328
300,2318
300,2379
300,2351
300,2383
300,2316
300,2367
300,2365
300,2369
300,2324
300,2343
300,2428
300,2360
300,2371
300,2353
300,2330
300,2321
300,2340
300,2466
300,2404
300,2294
300,2389
300,2402
300,2399
300,2313
300,2348
300,2349
300,2342
300,2362
300,2320
300,2352
300,2261
300,2371
300,2356
300,2340
300,2356
300,2330
300,2347
300,2379
300,2379
300,2351
300,2358
300,2377
300,2354
300,2448
300,2347
300,2393
300,2346
300,2394
300,2400
300,2399
300,2365
300,2390
300,2377
300,2362
300,2431
300,2405
300,2332
300,2345
300,2434
300,2412
300,2466
300,2382
300,2345
300,2416
300,2337
300,2383
300,2407
300,2303
300,2386
300,2308
300,2347
300,2417
300,2302
300,2351
300,2397
300,2352
300,2376
300,2398
300,2397
300,2357
300,2391
300,2284
300,2313
300,2280
300,2331
300,2386
300,2398
300,2388
300,2297
300,2369
300,2333
300,2369
300,2431
300,2393
300,2417
300,2352
300,2410
300,2356
300,2407
300,2310
300,2312
300,2370
300,2416
300,2416
300,2418
300,2315
300,2377
300,2362
300,2348
300,2316
300,2443
300,2363
300,2303
300,2324
300,2389
300,2309
300,2419
300,2374
300,2340
300,2370
300,2296
300,2333
300,2361
300,2274
300,2385
300,2299
300,2358
300,2374
300,2369
300,2355
300,2386
300,2356
300,2361
300,2361
300,2363
300,2278
300,2362
300,2365
300,2364
300,2340
300,2328
300,2310
300,2366
300,2323
300,2261
300,2375
300,2433
300,2311
300,2370
300,2373
300,2318
300,2334
300,2403
300,2335
300,2377
300,2387
300,2339
300,2359
300,2362
300,2404
300,2393
300,2280
300,2321
300,2435
300,2328
300,2374
300,2326
400,3224
400,3144
400,3167
400,3260
400,3156
400,3147
400,3220
400,3159
400,3104
400,3193
400,3202
400,3097
400,3193
400,3148
400,3139
400,3163
400,3174
400,3166
400,3180
400,3217
400,3175
400,3150
400,3173
400,3113
400,3098
400,3168
400,3133
400,3188
400,3212
400,3166
400,3164
400,3106
400,3091
400,3099
400,3134
400,3089
400,3087
400,3136
400,3123
400,3130
400,3269
400,3175
400,3232
400,3080
400,3074
400,3065
400,3146
400,3085
400,3185
400,3067
400,3170
400,3132
400,3207
400,3195
400,3142
400,3126
400,3028
400,3139
400,3130
400,3189
400,3112
400,3186
400,3204
400,3186
400,3110
400,3149
400,3163
400,3183
400,3159
400,3138
400,3218
400,3098
400,3127
400,3146
400,3156
400,3201
400,3122
400,3173
400,3133
400,3134
400,3148
400,3159
400,3085
400,3177
400,3149
400,3109
400,3190
400,3155
400,3209
400,3162
400,3188
400,3184
400,3095
400,3160
400,3159
400,3122
400,3180
400,3143
400,3151
400,3158
400,3104
400,3141
400,2982
400,3089
400,3200
400,3172
400,3169
400,3161
400,3086
400,3074
400,3181
400,3209
400,3246
400,3127
400,3131
400,3087
400,3168
400,3222
400,3061
400,3186
400,3179
400,3103
400,3169
400,3134
400,3117
400,3134
400,3176
400,3157
400,3080
400,3203
400,3274
400,3125
400,3177
400,3061
400,3124
400,3158
400,3214
400,3172
400,3152
400,3136
400,3193
400,3065
400,3173
400,3175
400,3165
400,3138
400,3135
400,3168
400,3154
400,3176
400,3127
400,3153
400,3157
400,3181
400,3097
400,3201
400,3258
400,3203
400,3186
400,3161
400,3194
400,3124
400,3181
400,3134
400,3162
400,3222
400,3171
400,3108
400,3271
400,3132
400,3173
400,3108
400,3091
400,3230
400,3153
400,3233
400,3140
400,3190
400,3120
400,3182
400,3119
400,3188
400,3145
400,3137
400,3130
400,3088
400,3158
400,3240
400,3108
400,3114
400,3188
400,3191
400,3211
400,3119
400,3187
400,3210
400,3134
400,3210
400,3136
400,3065
400,3145
400,3146
400,3207
400,3114
400,3072
400,3119
400,3119
400,3168
400,3155
400,3203
400,3199
400,3186
400,3178
400,3072
400,3198
400,3223
400,3131
400,3171
400,3259
400,3105
400,3162
400,3131
400,3206
400,3201
400,3154
400,3196
400,3137
400,3089
400,3151
400,3103
400,3062
400,3189
400,3168
400,3107
400,3212
400,3213
400,3225
400,3125
400,3112
400,3108
400,3070
400,3218
400,3114
400,3223
400,3115
400,3144
400,3283
400,3142
400,3115
400,3225
400,3108
400,3194
400,3083
400,3135
400,3155
400,3114
400,3146
400,3186
400,3097
400,3052
400,3138
400,3127
400,3175
400,3075
400,3177
400,3233
400,3134
400,3056
400,3174
400,3166
400,3114
400,3162
400,3115
400,3011
400,3138
400,3158
400,3185
400,3160
400,3222
400,3167
400,3172
400,3125
400,3135
400,3133
400,3135
400,3082
400,3091
400,3122
400,3225
400,3197
400,3163
400,3171
400,3102
400,3218
400,3129
400,3194
400,3179
400,3144
400,3162
400,3130
400,3176
400,3179
400,3158
400,3203
400,3070
400,3189
400,3207
400,3197
400,3197
400,3118
400,3102
400,3139
400,3168
400,3145
400,3152
400,3235
400,3132
400,3124
400,3134
400,3137
400,3142
400,3169
400,3141
400,3126
400,3163
400,3132
400,3136
400,3209
400,3178
400,3236
400,3168
400,3186
400,3187
400,3061
400,3119
400,3147
400,3137
400,3155
400,3169
400,3123
400,3191
400,3173
400,3158
400,3186
400,3216
400,3149
400,3196
400,3163
400,3131
400,3235
400,3173
400,3179
400,3120
400,3106
400,3192
400,3241
400,3215
400,3170
400,3231
400,3177
400,3206
400,3173
400,3080
400,3196
400,3164
400,3220
400,3120
400,3111
400,3178
400,3218
400,3110
400,3221
400,3141
400,3129
400,3205
400,3156
400,3203
400,3186
400,3154
400,3080
400,3150
400,3134
400,3171
400,3100
400,3225
400,3143
400,3172
400,3166
400,3159
400,3138
400,3083
400,3169
400,3121
400,3138
400,3152
400,3184
400,3121
400,3234
400,3228
400,3180
400,3148
400,3132
400,3111
400,3155
400,3175
400,3174
400,3204
400,3143
400,3140
400,3058
400,3168
400,3105
400,3150
400,3087
400,3252
400,3107
400,3149
400,3199
400,3127
400,3124
400,3249
400,3168
400,3154
400,3196
400,3184
400,3128
400,3192
400,3188
400,3200
400,3148
400,3112
400,3120
400,3167
400,3076
400,3173
400,3165
400,3083
400,3150
400,3129
400,3119
400,3170
400,3149
400,3150
400,3142
400,3130
400,3161
400,3162
400,3059
400,3138
400,3125
400,3160
400,3157
400,3095
400,3178
400,3110
400,3193
400,3086
400,3143
400,3117
400,3158
400,3149
400,3211
400,3101
400,3207
400,3130
400,3199
400,3125
400,3115
400,3177
400,3124
400,3157
400,3127
400,3165
400,3133
400,3156
400,3210
400,3161
400,3220
400,3125
400,3142
400,3068
400,3165
400,3141
400,3125
400,3113
400,3160
400,3139
400,3048
400,3149
400,3151
400,3163
400,3138
400,3157
400,3117
400,3130
400,3123
400,3108
400,3070
400,3123
400,3208
500,3828
500,3892
500,3955
500,3762
500,3880
500,3916
500,3939
500,3889
500,3930
500,3904
500,3925
500,3937
500,3981
500,3834
500,3919
500,3916
500,3942
500,3934
500,3894
500,3942
500,3991
500,3960
500,3840
500,3954
500,3791
500,3862
500,3976
500,3850
500,3998
500,3849
500,4016
500,3939
500,4004
500,3910
500,3817
500,3887
500,3913
500,3952
500,3888
500,3822
500,3940
500,3952
500,3894
500,3896
500,3891
500,3913
500,3885
500,3939
500,3878
500,3855
500,3940
500,3925
500,3924
500,3919
500,3788
500,3933
500,3884
500,3848
500,3856
500,3923
500,3872
500,3890
500,3973
500,3875
500,3977
500,3951
500,3969
500,3908
500,3841
500,3850
500,3898
500,3840
500,3981
500,3801
500,3928
500,3900
500,3839
500,3905
500,3947
500,3828
500,3913
500,3882
500,3908
500,3799
500,3829
500,3846
500,3866
500,3912
500,3940
500,3931
500,3874
500,3972
500,3878
500,3982
500,3894
500,3837
500,3941
500,3844
500,3965
500,3779
500,3893
500,3880
500,3952
500,3945
500,3924
500,3931
500,3906
500,3877
500,3832
500,4004
500,3914
500,3856
500,3858
500,3888
500,3852
500,3884
500,3889
500,3888
500,3820
500,3935
500,3923
500,3891
500,3992
500,3886
500,3820
500,3841
500,3857
500,3814
500,3841
500,3931
500,3820
500,3882
500,3891
500,3854
500,3902
500,3908
500,3912
500,3909
500,3886
500,3940
500,4008
500,3940
500,3899
500,3802
500,3857
500,3910
500,3921
500,3927
500,3875
500,3835
500,4010
500,3867
500,3836
500,3874
500,3868
500,3820
500,3812
500,3874
500,3912
500,3895
500,3896
500,3941
500,3845
500,3803
500,3850
500,3883
500,3920
500,3901
500,3870
500,3802
500,3846
500,3827
500,3830
500,3920
500,3995
500,3845
500,3909
500,3836
500,3829
500,3843
500,3890
500,3863
500,3972
500,3901
500,3943
500,3878
500,3873
500,3922
500,3899
500,3949
500,3959
500,3978
500,3992
500,3913
500,3910
500,3937
500,3886
500,3996
500,3921
500,3928
500,3985
500,3899
500,3993
500,4015
500,3837
500,3862
500,3876
500,3942
500,3861
500,3996
500,3930
500,3844
500,3913
500,3805
500,3980
500,3826
500,3899
500,3828
500,3931
500,3788
500,3840
500,3933
500,3865
500,4036
500,3794
500,3914
500,3901
500,3854
500,3899
500,3903
500,3865
500,3941
500,4033
500,3854
500,3885
500,3985
500,3951
500,3925
500,3897
500,3916
500,3853
500,3916
500,3880
500,3849
500,3884
500,3909
500,3872
500,3855
500,3887
500,3845
500,3891
500,3946
500,3839
500,3988
500,3801
500,3954
500,3885
500,4000
500,3936
500,3848
500,3874
500,3913
500,3914
500,3846
500,3799
500,3878
500,3876
500,3977
500,3907
500,3912
500,3950
500,3811
500,3917
500,3968
500,3896
500,3915
500,3990
500,3820
500,3881
500,3859
500,3807
500,3904
500,3897
500,3868
500,3942
500,3895
500,3926
500,3857
500,3880
500,3793
500,3905
500,3856
500,3832
500,3824
500,3931
500,3889
500,3890
500,3823
500,3863
500,3988
500,3907
500,3899
500,3942
500,3983
500,3893
500,3903
500,4015
500,3841
500,3927
500,3922
500,3924
500,3922
500,3757
500,3916
500,3900
500,3935
500,3968
500,3819
500,3963
500,3900
500,3923
500,3938
500,3920
500,3969
500,3916
500,3833
500,3942
500,3988
500,3891
500,3939
500,3880
500,3829
500,3861
500,3866
500,3849
500,3947
500,3987
500,3813
500,3856
500,4032
500,3854
500,3942
500,3839
500,3903
500,3988
500,3824
500,3950
500,3919
500,3930
500,3947
500,3936
500,3885
500,3981
500,3888
500,3924
500,3772
500,3957
500,3859
500,3924
500,3968
500,3936
500,3962
500,3901
500,3913
500,3885
500,3921
500,3957
500,3859
500,3925
500,3928
500,3969
500,3917
500,3859
500,4033
500,3858
500,3924
500,3879
500,3897
500,3912
500,3897
500,3886
500,3906
500,3927
500,3880
500,3834
500,3917
500,3882
500,3922
500,3949
500,3871
500,4073
500,3920
500,3894
500,3926
500,3975
500,3942
500,3904
500,3864
500,3907
500,3850
500,3930
500,3820
500,3978
500,3940
500,3845
500,3900
500,3984
500,3894
500,3844
500,3863
500,4009
500,3802
500,4051
500,3849
500,3860
500,3839
500,3855
500,3749
500,4000
500,3978
500,3938
500,3837
500,3813
500,3837
500,3923
500,3876
500,3971
500,3949
500,3902
500,3820
500,3840
500,3858
500,3859
500,3888
500,3944
500,3778
500,3861
500,3924
500,3848
500,3799
500,3883
500,4036
500,3871
500,3874
500,3854
500,3988
500,3902
500,3824
500,3813
500,3918
500,3947
500,3913
500,3884
500,3862
500,3895
500,3851
500,3993
500,3901
500,3902
500,3988
500,3863
500,3813
500,3950
500,3878
500,3910
500,3869
500,4070
500,3811
500,3906
500,3895
500,3944
500,3972
500,3978
500,3862
500,3848
500,3888
500,3873
500,3877
500,3953
500,4015
500,3845
500,3843
500,3918
500,3865
500,3829
500,4004
500,3951
500,3883
500,3984
500,3901
500,3958
500,3903
500,3928
500,3886
500,3931
500,3943
500,3963
500,3979
500,3857
500,3997
600,4777
600,4682
600,4698
600,4732
600,4744
600,4631
600,4747
600,4791
600,4650
600,4623
600,4757
600,4773
600,4743
600,4842
600,4692
600,4748
600,4786
600,4696
600,4777
600,4676
600,4802
600,4739
600,4669
600,4718
600,4662
600,4736
600,4619
600,4662
600,4689
600,4640
600,4746
600,4760
600,4697
600,4743
600,4699
600,4755
600,4717
600,4702
600,4721
600,4811
600,4705
600,4785
600,4722
600,4774
600,4830
600,4676
600,4808
600,4644
600,4727
600,4641
600,4792
600,4782
600,4729
600,4718
600,4767
600,4756
600,4839
600,4733
600,4721
600,4666
600,4748
600,4699
600,4597
600,4686
600,4717
600,4664
600,4774
600,4682
600,4703
600,4726
600,4723
600,4738
600,4800
600,4823
600,4757
600,4675
600,4736
600,4828
600,4784
600,4715
600,4715
600,4713
600,4838
600,4616
600,4730
600,4791
600,4736
600,4623
600,4805
600,4810
600,4689
600,4714
600,4717
600,4720
600,4677
600,4713
600,4689
600,4674
600,4736
600,4796
600,4669
600,4654
600,4728
600,4710
600,4646
600,4763
600,4785
600,4827
600,4710
600,4655
600,4798
600,4734
600,4738
600,4754
600,4803
600,4703
600,4814
600,4780
600,4764
600,4772
600,4747
600,4624
600,4731
600,4684
600,4642
600,4847
600,4741
600,4924
600,4697
600,4800
600,4708
600,4707
600,4776
600,4743
600,4653
600,4759
600,4855
600,4785
600,4684
600,4744
600,4625
600,4655
600,4783
600,4799
600,4679
600,4773
600,4607
600,4758
600,4667
600,4712
600,4760
600,4800
600,4666
600,4669
600,4698
600,4729
600,4755
600,4717
600,4577
600,4759
600,4686
600,4758
600,4757
600,4763
600,4742
600,4665
600,4648
600,4803
600,4801
600,4766
600,4748
600,4695
600,4681
600,4662
600,4773
600,4739
600,4697
600,4940
600,4796
600,4694
600,4759
600,4717
600,4637
600,4727
600,4711
600,4746
600,4853
600,4719
600,4721
600,4851
600,4704
600,4675
600,4759
600,4750
600,4676
600,4831
600,4697
600,4777
600,4719
600,4702
600,4763
600,4713
600,4658
600,4694
600,4770
600,4797
600,4674
600,4695
600,4734
600,4676
600,4672
600,4642
600,4687
600,4718
600,4819
600,4731
600,4742
600,4775
600,4752
600,4757
600,4729
600,4562
600,4713
600,4681
600,4679
600,4644
600,4854
600,4716
600,4711
600,4856
600,4647
600,4819
600,4761
600,4749
600,4748
600,4617
600,4745
600,4699
600,4702
600,4721
600,4806
600,4689
600,4745
600,4691
600,4689
600,4774
600,4713
600,4711
600,4668
600,4659
600,4822
600,4775
600,4792
600,4829
600,4722
600,4729
600,4714
600,4711
600,4737
600,4726
600,4768
600,4793
600,4655
600,4678
600,4694
600,4789
600,4839
600,4831
600,4842
600,4686
600,4739
600,4783
600,4767
600,4704
600,4798
600,4754
600,4712
600,4735
600,4618
600,4746
600,4687
600,4784
600,4758
600,4871
600,4761
600,4724
600,4770
600,4685
600,4720
600,4787
600,4707
600,4787
600,4751
600,4668
600,4761
600,4737
600,4681
600,4778
600,4799
600,4650
600,4640
600,4837
600,4705
600,4748
600,4822
600,4686
600,4679
600,4752
600,4725
600,4754
600,4674
600,4682
600,4777
600,4710
600,4622
600,4690
600,4792
600,4692
600,4704
600,4725
600,4761
600,4753
600,4722
600,4767
600,4760
600,4902
600,4811
600,4735
600,4737
600,4666
600,4803
600,4663
600,4623
600,4664
600,4737
600,4749
600,4768
600,4680
600,4739
600,4735
600,4808
600,4783
600,4801
600,4679
600,4673
600,4741
600,4719
600,4714
600,4699
600,4633
600,4765
600,4766
600,4690
600,4805
600,4690
600,4741
600,4652
600,4761
600,4712
600,4767
600,4751
600,4782
600,4804
600,4749
600,4773
600,4658
600,4860
600,4699
600,4692
600,4715
600,4735
600,4802
600,4637
600,4700
600,4812
600,4715
600,4686
600,4781
600,4733
600,4747
600,4716
600,4730
600,4680
600,4832
600,4812
600,4688
600,4758
600,4788
600,4773
600,4670
600,4691
600,4778
600,4749
600,4731
600,4772
600,4816
600,4696
600,4747
600,4710
600,4770
600,4670
600,4785
600,4808
600,4627
600,4773
600,4692
600,4683
600,4755
600,4731
600,4627
600,4773
600,4776
600,4844
600,4744
600,4759
600,4792
600,4659
600,4628
600,4769
600,4775
600,4693
600,4663
600,4774
600,4786
600,4715
600,4628
600,4841
600,4752
600,4765
600,4881
600,4750
600,4712
600,4685
600,4686
600,4765
600,4731
600,4776
600,4841
600,4711
600,4721
600,4812
600,4736
600,4761
600,4714
600,4756
600,4775
600,4748
600,4789
600,4752
600,4680
600,4718
600,4657
600,4668
600,4845
600,4795
600,4722
600,4711
600,4703
600,4779
600,4696
600,4721
600,4763
600,4701
600,4732
600,4740
600,4697
600,4829
600,4722
600,4787
600,4660
600,4661
600,4843
600,4795
600,4681
600,4676
600,4676
600,4705
600,4754
600,4731
600,4626
600,4695
600,4776
600,4765
600,4718
600,4790
600,4740
600,4741
600,4650
600,4762
600,4728
600,4759
600,4694
600,4713
600,4724
600,4753
600,4620
600,4663
600,4751
600,4642
600,4676
700,5551
700,5528
700,5583
700,5565
700,5571
700,5417
700,5533
700,5584
700,5570
700,5530
700,5562
700,5508
700,5536
700,5485
700,5580
700,5497
700,5544
700,5579
700,5583
700,5510
700,5672
700,5572
700,5536
700,5540
700,5497
700,5514
700,5572
700,5559
700,5626
700,5596
700,5532
700,5661
700,5621
700,5525
700,5546
700,5443
700,5580
700,5472
700,5527
700,5535
700,5510
700,5583
700,5511
700,5580
700,5418
700,5477
700,5598
700,5502
700,5408
700,5630
700,5462
700,5485
700,5526
700,5453
700,5571
700,5476
700,5457
700,5611
700,5573
700,5531
700,5570
700,5601
700,5580
700,5448
700,5496
700,5499
700,5548
700,5516
700,5681
700,5511
700,5510
700,5521
700,5536
700,5576
700,5523
700,5538
700,5466
700,5596
700,5585
700,5557
700,5572
700,5549
700,5441
700,5473
700,5574
700,5538
700,5399
700,5701
700,5463
700,5535
700,5633
700,5495
700,5571
700,5491
700,5500
700,5474
700,5509
700,5490
700,5472
700,5544
700,5542
700,5526
700,5540
700,5616
700,5467
700,5535
700,5483
700,5522
700,5525
700,5568
700,5582
700,5565
700,5469
700,5635
700,5562
700,5482
700,5703
700,5588
700,5456
700,5451
700,5494
700,5579
700,5550
700,5455
700,5612
700,5602
700,5534
700,5644
700,5529
700,5496
700,5584
700,5520
700,5613
700,5609
700,5550
700,5508
700,5533
700,5549
700,5510
700,5603
700,5506
700,5571
700,5591
700,5587
700,5544
700,5545
700,5472
700,5584
700,5470
700,5608
700,5574
700,5614
700,5509
700,5580
700,5524
700,5537
700,5518
700,5476
700,5533
700,5553
700,5458
700,5625
700,5593
700,5554
700,5500
700,5605
700,5635
700,5498
700,5437
700,5575
700,5514
700,5467
700,5556
700,5547
700,5516
700,5583
700,5484
700,5535
700,5507
700,5501
700,5444
700,5550
700,5483
700,5446
700,5546
700,5501
700,5474
700,5597
700,5527
700,5412
700,5622
700,5458
700,5496
700,5524
700,5545
700,5582
700,5581
700,5575
700,5575
700,5636
700,5557
700,5574
700,5508
700,5533
700,5616
700,5514
700,5497
700,5532
700,5544
700,5521
700,5538
700,5573
700,5480
700,5625
700,5503
700,5663
700,5535
700,5546
700,5652
700,5522
700,5528
700,5725
700,5543
700,5496
700,5537
700,5510
700,5567
700,5508
700,5531
700,5504
700,5607
700,5650
700,5516
700,5623
700,5534
700,5522
700,5614
700,5626
700,5473
700,5539
700,5463
700,5630
700,5481
700,5621
700,5586
700,5463
700,5454
700,5564
700,5506
700,5498
700,5503
700,5690
700,5536
700,5474
700,5523
700,5487
700,5660
700,5420
700,5406
700,5516
700,5543
700,5486
700,5449
700,5565
700,5536
700,5475
700,5524
700,5539
700,5600
700,5560
700,5563
700,5499
700,5393
700,5541
700,5580
700,5478
700,5484
700,5546
700,5465
700,5448
700,5689
700,5588
700,5603
700,5537
700,5528
700,5539
700,5550
700,5410
700,5577
700,5448
700,5569
700,5528
700,5566
700,5489
700,5460
700,5488
700,5501
700,5548
700,5500
700,5579
700,5522
700,5533
700,5533
700,5636
700,5567
700,5588
700,5554
700,5591
700,5467
700,5595
700,5520
700,5607
700,5530
700,5394
700,5520
700,5588
700,5534
700,5545
700,5538
700,5583
700,5467
700,5563
700,5479
700,5582
700,5568
700,5606
700,5488
700,5470
700,5509
700,5562
700,5591
700,5579
700,5523
700,5535
700,5704
700,5426
700,5580
700,5416
700,5508
700,5504
700,5440
700,5502
700,5567
700,5543
700,5610
700,5502
700,5528
700,5611
700,5574
700,5600
700,5629
700,5544
700,5539
700,5605
700,5585
700,5560
700,5664
700,5472
700,5453
700,5623
700,5650
700,5520
700,5416
700,5547
700,5548
700,5486
700,5568
700,5613
700,5568
700,5593
700,5616
700,5441
700,5622
700,5503
700,5632
700,5472
700,5495
700,5484
700,5533
700,5523
700,5693
700,5520
700,5581
700,5527
700,5475
700,5545
700,5543
700,5708
700,5612
700,5450
700,5585
700,5615
700,5501
700,5622
700,5574
700,5503
700,5583
700,5541
700,5619
700,5464
700,5595
700,5474
700,5496
700,5634
700,5573
700,5619
700,5473
700,5514
700,5617
700,5538
700,5541
700,5565
700,5582
700,5493
700,5530
700,5615
700,5600
700,5512
700,5434
700,5476
700,5475
700,5526
700,5560
700,5534
700,5541
700,5496
700,5419
700,5616
700,5613
700,5580
700,5562
700,5501
700,5613
700,5536
700,5468
700,5589
700,5549
700,5595
700,5625
700,5560
700,5567
700,5473
700,5497
700,5584
700,5533
700,5554
700,5512
700,5547
700,5617
700,5628
700,5675
700,5477
700,5519
700,5607
700,5495
700,5558
700,5581
700,5611
700,5499
700,5641
700,5591
700,5527
700,5589
700,5561
700,5526
700,5558
700,5581
700,5543
700,5494
700,5573
700,5511
700,5507
700,5574
700,5521
700,5529
700,5616
700,5440
700,5449
700,5584
700,5535
700,5577
700,5557
700,5564
700,5488
700,5569
700,5561
700,5586
700,5607
700,5591
700,5530
700,5541
700,5481
700,5466
700,5482
700,5517
700,5639
700,5552
700,5533
700,5553
700,5554
800,6279
800,6281
800,6109
800,6345
800,6365
800,6331
800,6397
800,6282
800,6194
800,6267
800,6365
800,6278
800,6426
800,6374
800,6398
800,6330
800,6316
800,6246
800,6316
800,6271
800,6322
800,6230
800,6337
800,6327
800,6314
800,6294
800,6293
800,6278
800,6326
800,6367
800,6373
800,6287
800,6206
800,6233
800,6362
800,6313
800,6271
800,6229
800,6263
800,6250
800,6217
800,6312
800,6318
800,6372
800,6371
800,6299
800,6230
800,6282
800,6215
800,6290
800,6327
800,6248
800,6449
800,6250
800,6362
800,6350
800,6255
800,6418
800,6254
800,6394
800,6425
800,6327
800,6379
800,6264
800,6314
800,6337
800,6335
800,6238
800,6361
800,6273
800,6336
800,6241
800,6324
800,6357
800,6365
800,6259
800,6220
800,6300
800,6274
800,6330
800,6439
800,6341
800,6363
800,6289
800,6329
800,6397
800,6344
800,6277
800,6293
800,6348
800,6271
800,6288
800,6190
800,6336
800,6358
800,6271
800,6245
800,6269
800,6345
800,6342
800,6382
800,6361
800,6444
800,6310
800,6294
800,6218
800,6212
800,6324
800,6319
800,6272
800,6345
800,6259
800,6385
800,6285
800,6299
800,6098
800,6287
800,6339
800,6267
800,6298
800,6331
800,6440
800,6318
800,6320
800,6248
800,6273
800,6316
800,6350
800,6375
800,6244
800,6294
800,6385
800,6219
800,6323
800,6378
800,6286
800,6215
800,6349
800,6374
800,6233
800,6245
800,6246
800,6350
800,6241
800,6463
800,6411
800,6216
800,6268
800,6227
800,6372
800,6332
800,6278
800,6416
800,6231
800,6239
800,6296
800,6332
800,6142
800,6256
800,6253
800,6263
800,6335
800,6277
800,6322
800,6362
800,6288
800,6319
800,6345
800,6391
800,6231
800,6300
800,6281
800,6239
800,6301
800,6287
800,6276
800,6300
800,6329
800,6341
800,6199
800,6170
800,6284
800,6286
800,6237
800,6307
800,6232
800,6396
800,6281
800,6369
800,6289
800,6271
800,6310
800,6403
800,6272
800,6361
800,6226
800,6343
800,6402
800,6239
800,6350
800,6373
800,6419
800,6250
800,6296
800,6326
800,6233
800,6249
800,6357
800,6306
800,6316
800,6383
800,6290
800,6196
800,6237
800,6205
800,6268
800,6353
800,6338
800,6240
800,6420
800,6305
800,6409
800,6355
800,6296
800,6284
800,6213
800,6349
800,6207
800,6301
800,6328
800,6225
800,6269
800,6263
800,6315
800,6345
800,6292
800,6293
800,6360
800,6259
800,6380
800,6332
800,6284
800,6419
800,6269
800,6322
800,6245
800,6387
800,6358
800,6210
800,6277
800,6307
800,6397
800,6304
800,6370
800,6250
800,6359
800,6221
800,6274
800,6310
800,6273
800,6275
800,6418
800,6328
800,6257
800,6410
800,6347
800,6231
800,6313
800,6289
800,6352
800,6243
800,6324
800,6325
800,6335
800,6212
800,6307
800,6299
800,6281
800,6363
800,6277
800,6222
800,6392
800,6344
800,6305
800,6280
800,6361
800,6238
800,6292
800,6388
800,6248
800,6209
800,6303
800,6313
800,6234
800,6206
800,6310
800,6247
800,6282
800,6237
800,6336
800,6350
800,6376
800,6311
800,6386
800,6257
800,6316
800,6203
800,6229
800,6275
800,6405
800,6347
800,6326
800,6322
800,6238
800,6337
800,6279
800,6292
800,6285
800,6317
800,6320
800,6309
800,6296
800,6347
800,6355
800,6231
800,6496
800,6369
800,6190
800,6319
800,6314
800,6332
800,6359
800,6346
800,6350
800,6410
800,6335
800,6451
800,6217
800,6358
800,6406
800,6248
800,6364
800,6362
800,6331
800,6236
800,6260
800,6319
800,6058
800,6333
800,6263
800,6249
800,6507
800,6256
800,6266
800,6350
800,6467
800,6270
800,6391
800,6280
800,6397
800,6379
800,6310
800,6477
800,6383
800,6287
800,6303
800,6318
800,6312
800,6317
800,6197
800,6191
800,6304
800,6392
800,6252
800,6364
800,6226
800,6360
800,6322
800,6270
800,6369
800,6430
800,6362
800,6324
800,6314
800,6292
800,6305
800,6319
800,6306
800,6332
800,6368
800,6381
800,6356
800,6314
800,6324
800,6437
800,6294
800,6334
800,6368
800,6357
800,6333
800,6282
800,6325
800,6407
800,6397
800,6257
800,6412
800,6330
800,6170
800,6359
800,6247
800,6342
800,6287
800,6173
800,6252
800,6339
800,6302
800,6197
800,6272
800,6319
800,6334
800,6293
800,6319
800,6213
800,6306
800,6527
800,6366
800,6366
800,6312
800,6422
800,6304
800,6311
800,6342
800,6295
800,6351
800,6244
800,6125
800,6240
800,6221
800,6283
800,6250
800,6279
800,6283
800,6306
800,6390
800,6288
800,6379
800,6260
800,6290
800,6327
800,6407
800,6386
800,6340
800,6380
800,6241
800,6506
800,6235
800,6316
800,6230
800,6275
800,6359
800,6389
800,6205
800,6237
800,6345
800,6264
800,6354
800,6317
800,6304
800,6272
800,6185
800,6233
800,6242
800,6295
800,6266
800,6415
800,6327
800,6226
800,6273
800,6321
800,6334
800,6199
800,6275
800,6347
800,6311
800,6361
800,6404
800,6300
800,6432
800,6223
800,6375
800,6319
800,6294
800,6363
800,6258
800,6386
800,6238
800,6310
800,6292
800,6378
800,6262
900,7074
900,7110
900,7068
900,7096
900,7087
900,7025
900,7211
900,7113
900,7039
900,7024
900,7121
900,7072
900,7125
900,7105
900,6936
900,7124
900,7070
900,7120
900,7103
900,7122
900,7050
900,7098
900,7122
900,7056
900,7132
900,7133
900,7046
900,7047
900,7076
900,7187
900,7025
900,7204
900,7053
900,7061
900,7078
900,7073
900,7138
900,7126
900,7026
900,7068
900,7021
900,7186
900,7125
900,7090
900,7093
900,7120
900,6990
900,7113
900,7018
900,7091
900,7089
900,7044
900,7128
900,7060
900,7028
900,7114
900,7146
900,6977
900,7070
900,6972
900,7066
900,7156
900,7108
900,7052
900,7068
900,7078
900,7055
900,7014
900,7050
900,7110
900,7062
900,7132
900,7051
900,7023
900,6963
900,7226
900,7153
900,7120
900,7187
900,7105
900,7147
900,6999
900,7096
900,7157
900,7133
900,7140
900,7149
900,7047
900,7110
900,6982
900,7041
900,7089
900,6958
900,7107
900,7156
900,7143
900,7116
900,7053
900,7123
900,7075
900,7012
900,7220
900,7102
900,7220
900,7201
900,6978
900,7021
900,7009
900,7074
900,7130
900,7050
900,6937
900,7190
900,7056
900,7066
900,7048
900,7151
900,7007
900,7132
900,7075
900,7031
900,7115
900,7053
900,7146
900,7173
900,7082
900,7057
900,7203
900,7129
900,7152
900,7055
900,7144
900,6983
900,7157
900,6965
900,7066
900,7071
900,7110
900,7076
900,6976
900,7064
900,7073
900,7083
900,6975
900,6987
900,7000
900,7054
900,7087
900,7170
900,7028
900,7113
900,7037
900,6995
900,7158
900,6980
900,7029
900,7058
900,7100
900,6936
900,7040
900,7155
900,7063
900,7163
900,7164
900,7090
900,6999
900,7241
900,7036
900,7062
900,7105
900,7127
900,7100
900,7189
900,7053
900,7010
900,7050
900,7149
900,7078
900,7072
900,7159
900,7037
900,6959
900,7060
900,7079
900,6992
900,7133
900,7054
900,7038
900,7112
900,7078
900,7101
900,7160
900,7133
900,7005
900,7098
900,7026
900,6969
900,6940
900,7083
900,7093
900,7154
900,7080
900,7059
900,7073
900,7141
900,7129
900,7030
900,7073
900,6961
900,6990
900,7188
900,7006
900,7113
900,7037
900,7086
900,7121
900,7185
900,7080
900,7013
900,7081
900,7203
900,7149
900,7242
900,7056
900,7095
900,7073
900,7089
900,7087
900,7062
900,7135
900,7043
900,7003
900,7152
900,7141
900,7121
900,7141
900,7081
900,7068
900,7065
900,7049
900,7092
900,7156
900,7151
900,6995
900,7032
900,7101
900,7116
900,7093
900,7085
900,7110
900,7158
900,7092
900,7072
900,7027
900,7109
900,7119
900,7098
900,7009
900,7013
900,7042
900,7030
900,7251
900,7070
900,7042
900,7105
900,7147
900,7124
900,7015
900,7106
900,7085
900,7001
900,7151
900,7057
900,7112
900,7104
900,7254
900,7050
900,7033
900,7106
900,7145
900,7071
900,6931
900,7088
900,7107
900,7133
900,7057
900,7006
900,7077
900,6955
900,7007
900,7102
900,7066
900,7087
900,7143
900,7107
900,7033
900,7080
900,7084
900,6994
900,7108
900,7090
900,7006
900,7043
900,7212
900,7060
900,7065
900,7094
900,7067
900,6953
900,7121
900,7061
900,7073
900,7201
900,7152
900,7091
900,6996
900,7012
900,6923
900,7145
900,7030
900,7136
900,7028
900,7044
900,7031
900,7113
900,7024
900,7035
900,7072
900,7018
900,7092
900,7062
900,7073
900,6972
900,7084
900,7081
900,7110
900,7104
900,7021
900,7088
900,6968
900,6868
900,7071
900,6993
900,6991
900,7121
900,7025
900,6974
900,7032
900,7034
900,7053
900,7105
900,7113
900,7189
900,7087
900,6915
900,7072
900,6954
900,7021
900,6947
900,7199
900,7059
900,7093
900,7141
900,7148
900,7081
900,6937
900,7033
900,7011
900,7007
900,7077
900,7140
900,7163
900,7056
900,7044
900,6964
900,7090
900,7096
900,6948
900,7189
900,7132
900,7080
900,7084
900,7095
900,7104
900,7181
900,7011
900,7030
900,7054
900,7035
900,6952
900,7137
900,7059
900,7089
900,7195
900,7046
900,7043
900,7144
900,7042
900,7079
900,7168
900,7069
900,7109
900,7016
900,6978
900,7059
900,7011
900,7118
900,7039
900,7107
900,6963
900,7176
900,6991
900,6946
900,7057
900,7002
900,7042
900,7107
900,6960
900,7175
900,7122
900,7082
900,7083
900,7032
900,7038
900,6997
900,7017
900,7052
900,7054
900,7178
900,7107
900,6974
900,7040
900,7094
900,7122
900,7113
900,7147
900,7100
900,6973
900,6981
900,7098
900,6913
900,7079
900,7151
900,7038
900,7118
900,7168
900,7152
900,7148
900,7115
900,7056
900,7100
900,7061
900,7097
900,6956
900,6974
900,7110
900,7138
900,7064
900,7166
900,7163
900,7112
900,7065
900,6958
900,7110
900,7057
900,7074
900,7121
900,6995
900,7028
900,7074
900,7146
900,7007
900,7082
900,7008
900,7062
900,7123
900,6957
900,7224
900,7014
900,6926
900,7023
900,7057
900,7056
900,7034
900,7113
900,7054
900,7006
900,7013
900,7226
900,7034
900,7088
900,7065
900,7095
900,7033
900,7059
900,7094
900,7030
900,7075
900,6942
900,6999
1000,7912
1000,7849
1000,7872
1000,7856
1000,7783
1000,7846
1000,7704
1000,7710
1000,7761
1000,7805
1000,7841
1000,7852
1000,7929
1000,7749
1000,7850
1000,7773
1000,7900
1000,7872
1000,7771
1000,7897
1000,7986
1000,7858
1000,7789
1000,7821
1000,7777
1000,7704
1000,7796
1000,7744
1000,7727
1000,7826
1000,7983
1000,7852
1000,7800
1000,7825
1000,7852
1000,7819
1000,7789
1000,7787
1000,7854
1000,7778
1000,7805
1000,7846
1000,7681
1000,7774
1000,7833
1000,7751
1000,7948
1000,7845
1000,7844
1000,7808
1000,7731
1000,7869
1000,7789
1000,7809
1000,7844
1000,7760
1000,7879
1000,7860
1000,7843
1000,7759
1000,7797
1000,7850
1000,7745
1000,7718
1000,7882
1000,7809
1000,7694
1000,7902
1000,7772
1000,7839
1000,7753
1000,7834
1000,7783
1000,7791
1000,7744
1000,7880
1000,7899
1000,7802
1000,7855
1000,7692
1000,7886
1000,7883
1000,7838
1000,7729
1000,7859
1000,7757
1000,7640
1000,7969
1000,7730
1000,7728
1000,7795
1000,7779
1000,7764
1000,7780
1000,7783
1000,7656
1000,7787
1000,7732
1000,7783
1000,7853
1000,7758
1000,7855
1000,7670
1000,7760
1000,7750
1000,7943
1000,7820
1000,7934
1000,7772
1000,7783
1000,7784
1000,7701
1000,7892
1000,7810
1000,7769
1000,7818
1000,7746
1000,7694
1000,7801
1000,7759
1000,7865
1000,7714
1000,7779
1000,7854
1000,7708
1000,7661
1000,7752
1000,7857
1000,7680
1000,7860
1000,7797
1000,7828
1000,7781
1000,7821
1000,7703
1000,7884
1000,7903
1000,7709
1000,7748
1000,7752
1000,7831
1000,7878
1000,7730
1000,7715
1000,7799
1000,7810
1000,7878
1000,7817
1000,7955
1000,7839
1000,7797
1000,7843
1000,7715
1000,7749
1000,7764
1000,7939
1000,7851
1000,7741
1000,7720
1000,7869
1000,7817
1000,7800
1000,7777
1000,7760
1000,7826
1000,7773
1000,7808
1000,7754
1000,7884
1000,7871
1000,7790
1000,7831
1000,7837
1000,7769
1000,7913
1000,7850
1000,7840
1000,7864
1000,7859
1000,7744
1000,7876
1000,7744
1000,7794
1000,7746
1000,7825
1000,7934
1000,7840
1000,7926
1000,7739
1000,7916
1000,7872
1000,7811
1000,7849
1000,7818
1000,7914
1000,7741
1000,7768
1000,7971
1000,7749
1000,7853
1000,7874
1000,7820
1000,7868
1000,7936
1000,7730
1000,7799
1000,7985
1000,7810
1000,7855
1000,7769
1000,7762
1000,7927
1000,7795
1000,7775
1000,7859
1000,7738
1000,7783
1000,7803
1000,7681
1000,7813
1000,7681
1000,7771
1000,7857
1000,7891
1000,7800
1000,7863
1000,7841
1000,7774
1000,7877
1000,7680
1000,7772
1000,7811
1000,7779
1000,7930
1000,7774
1000,7891
1000,7857
1000,7900
1000,7839
1000,7868
1000,7945
1000,7770
1000,7808
1000,7573
1000,7798
1000,7835
1000,7892
1000,7833
1000,7761
1000,7978
1000,7728
1000,7862
1000,7823
1000,7779
1000,7659
1000,7757
1000,7808
1000,7896
1000,7776
1000,7727
1000,7726
1000,7799
1000,7842
1000,7962
1000,7789
1000,7710
1000,7714
1000,7748
1000,7905
1000,7911
1000,7810
1000,7746
1000,7739
1000,7826
1000,7857
1000,7804
1000,7804
1000,7901
1000,7878
1000,7922
1000,7794
1000,7728
1000,7709
1000,7857
1000,7852
1000,7792
1000,7818
1000,7772
1000,7818
1000,7702
1000,7705
1000,7799
1000,7824
1000,7882
1000,7930
1000,7697
1000,7709
1000,7801
1000,7867
1000,7759
1000,7807
1000,7840
1000,7818
1000,7797
1000,7866
1000,7810
1000,7756
1000,7855
1000,7937
1000,7714
1000,7877
1000,7823
1000,7655
1000,7672
1000,7771
1000,7805
1000,7856
1000,7793
1000,7815
1000,7843
1000,7826
1000,7890
1000,7755
1000,7822
1000,7753
1000,8003
1000,7751
1000,7934
1000,7746
1000,7885
1000,7743
1000,7943
1000,7864
1000,7839
1000,7808
1000,7928
1000,7662
1000,7939
1000,7895
1000,7854
1000,7672
1000,7666
1000,7707
1000,7782
1000,7837
1000,7868
1000,7806
1000,7962
1000,7893
1000,7876
1000,7791
1000,7808
1000,7928
1000,7760
1000,7782
1000,7806
1000,7766
1000,7738
1000,7755
1000,7875
1000,7894
1000,7801
1000,7765
1000,7804
1000,7862
1000,7875
1000,7812
1000,7767
1000,7744
1000,7713
1000,7889
1000,7788
1000,7992
1000,7780
1000,7965
1000,7899
1000,7855
1000,7831
1000,7839
1000,7796
1000,7797
1000,7822
1000,7756
1000,7740
1000,7924
1000,7795
1000,7714
1000,7802
1000,7762
1000,7932
1000,7776
1000,7881
1000,7787
1000,7763
1000,7899
1000,7800
1000,7913
1000,7797
1000,7929
1000,7784
1000,7834
1000,7828
1000,7706
1000,7915
1000,7779
1000,7851
1000,7810
1000,7855
1000,7865
1000,7749
1000,7888
1000,7773
1000,7846
1000,7791
1000,7852
1000,7767
1000,7721
1000,7736
1000,7947
1000,7802
1000,7896
1000,7733
1000,7694
1000,7794
1000,7805
1000,7750
1000,7702
1000,7794
1000,7786
1000,7747
1000,7760
1000,7715
1000,7872
1000,7856
1000,7864
1000,7689
1000,7933
1000,7924
1000,7937
1000,7840
1000,7814
1000,7846
1000,7652
1000,7953
1000,7831
1000,7882
1000,7717
1000,7846
1000,7874
1000,7834
1000,7839
1000,7907
1000,7832
1000,7851
1000,7725
1000,7835
1000,7786
1000,7757
1000,7793
1000,7757
1000,7970
1000,7844
1000,7849
1000,7862
1000,7776
1000,7786
1000,7807
1000,7770
1000,7887
1000,7638
1000,7967
1000,7770
1000,7782
1000,7832
1000,7884
1000,7823
1000,7834
1000,7843
1000,7886
1000,7868
1000,7755
1000,7927
1000,7725
1000,7777
1000,7845
1000,7777
1000,7761
1000,7821
1000,7764
1000,7791
1000,7992
1000,7814
1000,7822
1000,7779
1000,7857
1000,7737
1000,7900
1000,7839
1000,7681
1000,7931
